36.9 0 0 4.83429e-15 78.95 0 4.83429e-15 4.83429e-15 78.95
0.0803908 0.474635 -0.123496
-0.0622664 0.46876 -0.118872
0.140585 0.462107 -0.12439
0.0756134 0.463957 -0.117375
0.0718283 0.466082 -0.118179
-0.0986932 0.462114 -0.118688
0.0138661 0.465252 -0.11493
-0.0309474 0.457192 -0.11117
0.135934 0.452985 -0.118906
0.104189 0.454767 -0.115505
0.0718938 0.456198 -0.113031
0.056829 0.456408 -0.112046
-0.128674 0.453347 -0.118002
0.0827642 0.428777 -0.100389
-0.00909143 0.430511 -0.0974606
-0.0800105 0.429149 -0.100317
-0.0466116 0.427582 -0.0972261
0.245678 0.412972 -0.123019
0.0691479 0.426312 -0.0980706
-0.0779153 0.426281 -0.0987711
-0.0383317 0.423565 -0.0949458
-0.0824148 0.422563 -0.0974211
0.0160159 0.424055 -0.094505
-0.0128704 0.423072 -0.0939954
-0.239961 0.41038 -0.120223
-0.0130451 0.419882 -0.092515
0.121036 0.416568 -0.0989885
-0.137739 0.412993 -0.0997421
0.240928 0.402458 -0.116835
-0.166494 0.406026 -0.101433
-0.205284 0.404218 -0.108671
0.121688 0.406326 -0.0944113
0.0502143 0.407079 -0.0879884
-0.0611905 0.400203 -0.0856188
0.0106654 0.402217 -0.0845178
-0.197441 0.390285 -0.100725
0.199635 0.384598 -0.0987618
0.0375337 0.390287 -0.0800723
-0.259806 0.376812 -0.110892
-0.141682 0.387752 -0.0891901
-0.0631004 0.389323 -0.0810627
-0.105296 0.387691 -0.0842442
0.285744 0.36699 -0.114749
0.194642 0.373976 -0.0932165
0.0654353 0.379554 -0.0771474
0.0338247 0.380915 -0.076009
-0.0384795 0.379114 -0.0754506
-0.147852 0.375114 -0.0848883
-0.186926 0.372326 -0.090917
-0.0481664 0.373753 -0.0737231
0.0271594 0.375194 -0.0734517
0.280459 0.356269 -0.1087
0.157752 0.365403 -0.082615
0.0930601 0.367976 -0.0748334
-0.0479573 0.370728 -0.0724976
0.125783 0.367419 -0.0784892
-0.31383 0.351279 -0.117892
-0.276401 0.353066 -0.106162
0.00775125 0.367099 -0.0698504
0.333389 0.339787 -0.120571
0.275611 0.346584 -0.103385
-0.0852684 0.357801 -0.0701034
-0.0150192 0.358083 -0.066431
-0.279715 0.343909 -0.103626
-0.241849 0.346003 -0.0934732
-0.290375 0.340401 -0.105679
-0.129158 0.345426 -0.0704844
0.167607 0.450822 -0.123263
-0.167992 0.341813 -0.0753688
-0.206874 0.339704 -0.0825011
0.129657 0.342442 -0.0694504
-0.177365 0.338559 -0.0759224
0.0444934 0.339174 -0.0603292
-0.172631 0.334454 -0.0735342
0.234472 0.327902 -0.084848
-0.0621336 0.336691 -0.060437
-0.295551 0.320236 -0.0999454
-0.341467 0.312893 -0.113717
0.346975 0.306086 -0.113479
-0.105859 0.324079 -0.0599114
-0.222945 0.315282 -0.0775614
0.0505071 0.318095 -0.0532876
0.0646584 0.316077 -0.0534724
0.28343 0.301929 -0.0897766
0.161018 0.311141 -0.0633761
0.0962996 0.313665 -0.0553623
-0.0471248 0.406606 -0.0876124
0.341607 0.295402 -0.107788
-0.147969 0.311353 -0.0612965
-0.187416 0.308985 -0.0675819
0.12877 0.312871 -0.0589741
-0.31134 0.296553 -0.0971581
0.253458 0.300656 -0.0805627
-0.356523 0.289234 -0.111611
0.115842 0.305295 -0.0548145
-0.240819 0.297482 -0.0761434
-0.0117268 0.303663 -0.0472928
-0.0824346 0.302858 -0.0505361
-0.238755 0.29147 -0.0736949
0.311967 0.283802 -0.0932844
0.242363 0.283672 -0.0722121
0.0160978 0.292879 -0.0439859
-0.164918 0.287971 -0.0566682
-0.203762 0.284976 -0.0633732
-0.177397 0.284837 -0.0579817
-0.0584057 0.28256 -0.0425301
0.205981 0.275708 -0.0610872
0.043927 0.281674 -0.041496
0.296591 0.267896 -0.0833401
-0.250082 0.273954 -0.0713409
0.354026 0.260813 -0.101867
-0.254505 0.267883 -0.0707715
-0.337916 0.258404 -0.0949917
0.0294451 0.274573 -0.0388847
-0.383514 0.251669 -0.111417
0.168515 0.266471 -0.0510028
0.104278 0.269618 -0.0426953
0.136579 0.268365 -0.046414
0.0719481 0.270457 -0.0399602
-0.0318057 0.270422 -0.0377835
-0.18062 0.263559 -0.0524174
-0.141652 0.266551 -0.0466451
0.292488 0.257313 -0.0790002
-0.310105 0.360161 -0.12016
0.347788 0.251023 -0.0966556
-0.304206 0.25119 -0.081108
-0.00416116 0.259135 -0.0341677
0.255161 0.249586 -0.0658694
-0.0751437 0.257859 -0.0367441
0.371689 0.236621 -0.102304
0.131255 0.252423 -0.0413265
-0.269513 0.244209 -0.0684826
-0.301423 0.242158 -0.0777723
-0.277487 0.241897 -0.0702222
-0.0451409 0.249565 -0.0326946
-0.353244 0.234563 -0.0943517
0.0237844 0.248306 -0.0316104
-0.118146 0.246083 -0.0379787
0.353163 0.232069 -0.093678
0.218937 0.240388 -0.0543362
-0.15743 0.242532 -0.0427153
-0.196216 0.239865 -0.0492296
0.308433 0.232765 -0.0776716
-0.235025 0.237645 -0.0575097
0.36523 0.226104 -0.0969586
0.112829 0.23937 -0.0356496
-0.319565 0.227653 -0.080189
0.0517679 0.237315 -0.0299477
-0.364564 0.220848 -0.0953898
0.214331 0.231117 -0.0509757
0.181319 0.232362 -0.0444208
-0.344707 0.303419 -0.111679
0.148948 0.233192 -0.0390442
-0.410487 0.214215 -0.113652
0.388443 0.211678 -0.10317
-0.331068 0.213921 -0.0809617
-0.172932 0.218929 -0.0397058
-0.134017 0.222097 -0.0342296
0.26702 0.214369 -0.0604543
-0.421255 0.20034 -0.115462
0.325719 0.20847 -0.0778031
-0.211983 0.216535 -0.0470174
0.381866 0.201265 -0.0979627
0.410256 0.196817 -0.109521
-0.0669853 0.213848 -0.0254323
0.230635 0.206352 -0.0490918
0.405082 0.190469 -0.10578
0.247778 0.200289 -0.0521125
-0.261919 0.199529 -0.0557613
-0.435942 0.185804 -0.119414
0.404227 0.186294 -0.104514
0.377781 0.187681 -0.0933262
0.0638353 0.202263 -0.0227515
-0.346234 0.190007 -0.0812948
0.193605 0.197565 -0.0390185
-0.149496 0.198464 -0.0313604
-0.188599 0.195531 -0.037608
0.284382 0.190161 -0.0603376
0.0346586 0.196296 -0.020068
-0.341042 0.184654 -0.078266
0.342493 0.183575 -0.0785888
-0.311841 0.182887 -0.0676334
-0.0827428 0.18981 -0.021672
0.425988 0.171472 -0.111669
-0.35735 0.175907 -0.0827446
-0.402168 0.169601 -0.10028
0.375347 0.170667 -0.0889636
-0.277347 0.176009 -0.0554897
0.240208 0.17747 -0.0456393
0.0157878 0.179823 -0.0164278
-0.139341 0.176369 -0.0255882
-0.322976 0.169047 -0.0688127
0.419082 0.161495 -0.10653
0.241689 0.171027 -0.0448371
-0.164921 0.174524 -0.0292568
-0.203989 0.171672 -0.0361965
0.447314 0.156341 -0.119394
-0.413415 0.155705 -0.102869
-0.0600037 0.169702 -0.016333
0.358978 0.158381 -0.0801902
-0.288394 0.162048 -0.0563002
0.342647 0.15805 -0.073926
0.0762878 0.167466 -0.0170782
-0.0982268 0.166384 -0.0188437
0.173568 0.164059 -0.0289393
0.205375 0.162664 -0.0349291
-0.138391 0.163324 -0.0231821
0.389229 0.150845 -0.0912941
-0.215734 0.157695 -0.0363656
0.225611 0.156686 -0.0384653
-0.254092 0.155045 -0.0453281
0.379922 0.144184 -0.0862875
-0.424541 0.141643 -0.105739
0.258946 0.14615 -0.0452292
-0.13482 0.150816 -0.0206747
0.228423 0.146263 -0.0374878
-0.346592 0.140109 -0.0725071
0.317921 0.140285 -0.0623186
0.175167 0.145761 -0.026311
0.0285253 0.145493 -0.0110521
0.374327 0.133111 -0.0823069
-0.152659 0.139753 -0.0216522
-0.188636 0.139336 -0.0278879
0.221944 0.137605 -0.034699
-0.191619 0.13688 -0.0281223
0.311058 0.130809 -0.0586543
0.0967482 0.135494 -0.0139568
0.120475 0.131531 -0.016036
0.152796 0.130282 -0.0203675
-0.0859686 0.1312 -0.0123786
-0.315163 0.12431 -0.0591389
0.395876 0.118276 -0.0893449
0.363097 0.119492 -0.0759425
0.275447 0.121273 -0.0463639
-0.432703 0.18629 -0.11792
-0.360072 0.117811 -0.0745438
-0.461229 0.111022 -0.119692
0.423594 0.113946 -0.101343
-0.198565 0.326013 -0.0757233
0.0128348 0.121282 -0.00746492
-0.241871 0.120084 -0.0371511
0.333775 0.114964 -0.0643839
0.112973 0.121805 -0.0138963
-0.281238 0.117731 -0.0476113
0.238813 0.112807 -0.0355089
-0.325674 0.110731 -0.0610246
0.417139 0.103153 -0.0970304
-0.458027 0.100307 -0.116739
-0.371353 0.103895 -0.0773395
0.297678 0.106436 -0.0512856
0.444454 0.098572 -0.109638
0.249616 0.106334 -0.0375111
0.0730276 0.109095 -0.00865478
-0.258069 -0.23603 -0.0631489
-0.365369 -0.224487 -0.0966113
-0.265053 -0.256537 -0.0705186
-0.241087 -0.261138 -0.0652895
-0.208454 -0.0853897 -0.0257025
0.203468 0.0556964 -0.0225038
-0.331388 -0.232637 -0.0856359
0.0591658 -0.246035 -0.0325467
0.0561001 -0.247577 -0.0327573
-0.0471166 -0.247599 -0.0322838
-0.185215 -0.282837 -0.0588844
-0.415352 0.0484374 -0.0916296
-0.0141797 -0.20614 -0.0215801
0.398684 0.0702613 -0.0856069
-0.277791 0.020157 -0.0395699
-0.127768 -0.247811 -0.0396537
-0.236058 -0.244522 -0.0595292
0.255543 -0.244168 -0.0645428
-0.366149 0.128467 -0.0783543
-0.230159 -0.247124 -0.0587472
-0.367094 -0.236032 -0.10026
0.186307 -0.251427 -0.0502241
0.153342 -0.251342 -0.0443258
0.26621 -0.200208 -0.0571061
0.35543 -0.238637 -0.0962735
-0.157859 -0.336774 -0.0717416
-0.109206 -0.254014 -0.0389844
0.162128 -0.407163 -0.101149
-0.30508 -0.242731 -0.0791267
0.0136441 -0.259445 -0.0343384
-0.219247 -0.0992175 -0.0293886
-0.417518 -0.235344 -0.122337
-0.0698955 -0.359586 -0.0695093
-0.163191 -0.212651 -0.0365955
-0.29736 -0.32578 -0.102535
0.00911137 -0.0359752 -0.000688853
0.390866 -0.180031 -0.0973304
-0.0587924 -0.260672 -0.0363644
-0.304299 -0.275115 -0.0880164
-0.2049 -0.257736 -0.0557606
-0.230626 0.134037 -0.0362336
-0.348452 -0.249492 -0.0964876
0.140573 -0.433603 -0.109928
0.376345 -0.246982 -0.107047
-0.0798848 -0.331308 -0.0598651
0.204446 0.00690026 -0.0211466
0.275722 -0.258498 -0.0741727
-0.0464197 -0.424409 -0.09572
-0.314342 -0.257624 -0.0863158
-0.157221 -0.201381 -0.0331871
-0.20818 -0.176517 -0.0379694
-0.256842 -0.357125 -0.10195
-0.468518 0.086442 -0.120785
0.00288439 -0.273002 -0.0379909
0.20718 -0.265918 -0.0585309
-0.314513 -0.298813 -0.0990049
0.207353 -0.132702 -0.0307761
-0.303453 -0.108768 -0.053382
-0.230108 -0.112943 -0.033411
-0.337995 -0.257118 -0.0946551
-0.0687408 -0.274806 -0.0409606
0.0336321 -0.274785 -0.0390828
-0.213036 -0.271771 -0.0615139
0.302367 -0.220993 -0.0727803
-0.067729 -0.359805 -0.0694341
0.312426 -0.11663 -0.0572447
-0.425761 0.034602 -0.0958264
-0.108923 -0.277681 -0.0455217
0.000925289 -0.359096 -0.0666999
-0.287649 -0.267931 -0.0805048
-0.235678 -0.166169 -0.0424804
0.44388 -0.190496 -0.124396
0.281998 -0.206767 -0.0631304
-0.291534 -0.186047 -0.0617067
-0.0276369 -0.433041 -0.0990497
0.265659 -0.273243 -0.0754658
0.0542144 -0.417493 -0.0929384
0.406672 -0.156578 -0.0999437
-0.253496 -0.273666 -0.0721818
-0.257508 -0.275107 -0.0737139
-0.0080785 -0.287143 -0.0421465
-0.378171 -0.146505 -0.0859305
-0.000220219 -0.434032 -0.0991027
-0.266842 -0.250801 -0.0694656
0.196861 -0.28115 -0.0607448
0.402161 -0.118923 -0.0921874
-0.0596665 -0.368378 -0.0722407
0.14353 -0.221281 -0.0354099
-0.182356 -0.28253 -0.0582339
0.359434 -0.269953 -0.106729
0.270337 -0.0864901 -0.041127
0.174741 -0.222942 -0.0409575
-0.331625 -0.27433 -0.0973549
-0.373458 0.0450536 -0.0734478
0.383713 -0.270019 -0.116906
0.293409 0.0479238 -0.045215
-0.382876 -0.108197 -0.0825582
0.00133235 -0.31621 -0.0513116
0.151728 -0.420209 -0.105347
-0.332955 -0.316816 -0.111874
-0.434283 -0.211155 -0.124322
-0.118519 -0.291707 -0.0508635
-0.0699398 -0.317398 -0.0542904
-0.157435 -0.294693 -0.0574659
0.385632 -0.274906 -0.119253
0.0672651 -0.233735 -0.0300293
0.250335 -0.162738 -0.045616
-0.150623 -0.296247 -0.05684
-0.315192 -0.34234 -0.114869
-0.399548 -0.21731 -0.109417
0.327997 -0.0928378 -0.0598942
0.349747 -0.284531 -0.107409
-0.310143 -0.0698212 -0.0518776
-0.058293 -0.303634 -0.0489963
-0.0251197 -0.220148 -0.0248571
-0.411698 -0.140091 -0.0995118
0.208705 -0.297219 -0.0682795
0.0116634 -0.303414 -0.0472124
0.31426 0.081511 -0.0541687
-0.269274 -0.29209 -0.082299
0.217219 -0.337199 -0.083969
-0.201641 -0.215951 -0.0446434
-0.151717 -0.0346897 -0.0121849
-0.179525 0.101805 -0.0215285
0.315862 0.0331832 -0.0517755
0.08561 -0.41914 -0.0961237
-0.322705 -0.193635 -0.0735189
0.157305 -0.0155203 -0.0125719
-0.440655 -0.0802908 -0.105921
-0.0597296 -0.388383 -0.08044
-0.336862 -0.19279 -0.078395
0.276104 -0.301322 -0.0873273
0.0237481 -0.311575 -0.0500753
-0.057839 -0.312425 -0.0518201
0.108373 -0.43267 -0.104985
-0.24221 -0.303458 -0.0784538
-0.242182 -0.34622 -0.0936451
0.206477 -0.309365 -0.0717432
0.0188631 -0.0727933 -0.00283135
-0.206187 0.0643009 -0.0236024
-0.179575 -0.188117 -0.0344096
0.275295 -0.3435 -0.102102
0.246622 -0.224992 -0.0573674
0.226563 -0.00782264 -0.0260349
-0.119869 -0.376225 -0.0812582
-0.0489024 -0.321558 -0.0543737
0.344438 -0.160122 -0.0749467
-0.241565 -0.127397 -0.0380143
-0.113461 -0.196271 -0.0260368
-0.00263653 -0.191833 -0.0185759
-0.032184 -0.325123 -0.054876
0.398986 -0.0268609 -0.0834364
0.291557 -0.101479 -0.0488445
0.0946094 -0.153075 -0.0163247
0.0149732 0.0578962 -0.00178968
-0.00884073 -0.329748 -0.0559726
-0.281141 -0.172579 -0.0559788
-0.235689 -0.276788 -0.0684214
0.227487 -0.32337 -0.0814788
-0.100759 0.360691 -0.0727732
0.0269993 0.216645 -0.0241229
-0.279018 0.0688539 -0.0421858
0.391042 -0.0894994 -0.083989
-0.00908905 -0.372169 -0.0718795
0.255543 -0.322088 -0.0884314
0.437346 0.0883437 -0.105057
-0.0691356 -0.140585 -0.0123482
0.359082 -0.312216 -0.120465
-0.232131 -0.417405 -0.121428
-0.119011 -0.333638 -0.0648413
0.322514 -0.320832 -0.109466
-0.0914637 -0.0770349 -0.00717574
-0.0747288 -0.101978 -0.00802419
0.224487 -0.331124 -0.0835054
0.0522708 -0.340748 -0.0612996
-0.416995 0.0967207 -0.0962519
0.360842 -0.1366 -0.0774312
-0.400685 -0.0329624 -0.0843771
-0.26725 0.0337707 -0.0369646
0.0321343 -0.402936 -0.0853363
-0.0197195 -0.343287 -0.0609766
-0.388511 -0.161789 -0.0928706
-0.17964 -0.391598 -0.0975698
0.00215012 -0.13973 -0.00981263
0.08832 0.00166015 -0.00390923
0.237193 -0.17761 -0.0449113
-0.218562 0.0990865 -0.0292207
0.356047 0.100224 -0.0709221
0.42662 -0.0317879 -0.0961281
0.0247944 -0.24548 -0.0309156
0.348973 -0.326617 -0.121627
-0.269872 -0.335046 -0.0972746
-0.0761871 -0.381108 -0.0786141
-0.218359 -0.342917 -0.0863659
-0.470269 -0.112638 -0.124695
-0.390628 -0.0211949 -0.0796952
-0.0509184 -0.0246272 -0.00160087
-0.0909987 -0.351572 -0.0682723
0.399968 0.0217391 -0.0837288
-0.0577045 -0.354626 -0.066774
-0.302479 0.0896589 -0.0510701
-0.348621 -0.115314 -0.0698568
-0.186198 -0.367974 -0.0889978
-0.252088 -0.140988 -0.0426212
-0.0449263 0.0361852 -0.00166525
-0.235805 -0.0747858 -0.0310815
0.206271 -0.351887 -0.086968
0.337271 0.018127 -0.0587668
0.365971 -0.218268 -0.095332
0.436664 -0.109191 -0.107026
0.106022 -0.358108 -0.0723589
0.0870553 -0.359107 -0.0707725
-0.0471953 -0.416974 -0.0923077
0.427822 -0.214165 -0.121876
-0.0774381 -0.448607 -0.109632
-0.0374715 0.0945078 -0.00518134
0.312859 -0.249719 -0.0836158
0.322609 -0.0296435 -0.053932
0.0434362 -0.363002 -0.0692247
-0.0400352 0.201794 -0.0213906
-0.086023 -0.36173 -0.0716942
0.432387 -0.0709729 -0.10111
0.18709 0.0806374 -0.0209725
-0.371665 0.0531391 -0.0731551
0.0924576 -0.0125919 -0.004363
-0.128947 -0.361914 -0.0767499
-0.214403 -0.357241 -0.0909287
-0.0891464 -0.420831 -0.0972519
0.256778 0.0395235 -0.0343381
0.376324 -0.113063 -0.0804366
-0.0901887 -0.364578 -0.073205
0.215493 -0.0344095 -0.024101
0.462791 -0.114429 -0.120949
-0.417802 -0.101667 -0.0971681
-0.176481 -0.397387 -0.099479
-0.478143 0.023967 -0.122045
0.0297695 -0.370175 -0.0715152
0.433423 -0.16178 -0.113449
0.0118784 -0.38732 -0.078131
0.401368 -0.208705 -0.108178
0.264389 -0.357991 -0.104489
-0.0479832 -0.370207 -0.072291
-0.102019 -0.369037 -0.0762016
-0.10904 -0.405268 -0.0923282
0.194847 -0.365894 -0.0899688
0.154029 -0.116804 -0.018862
0.0975303 -0.446246 -0.11042
0.219788 -0.017557 -0.0246103
0.180872 -0.170054 -0.0313064
0.0145482 -0.463105 -0.113816
0.148036 -0.0780659 -0.0141039
-0.218548 -0.190705 -0.0429899
0.0921183 -0.406351 -0.0909382
0.27091 -0.177395 -0.0538824
-0.105318 -0.353762 -0.0706128
-0.393764 0.0761533 -0.0839483
0.223845 -0.200184 -0.0461551
-0.154834 -0.454283 -0.122701
-0.23097 -0.38107 -0.104769
-0.04094 -0.0353012 -0.0014622
-0.256052 0.0473493 -0.0344973
0.26929 0.366371 -0.109351
0.176924 0.391604 -0.0970361
0.370585 -0.0741718 -0.0741679
-0.0170852 -0.460412 -0.112459
0.133636 -0.230684 -0.0361917
0.0516558 -0.165695 -0.0151767
0.41751 -0.0944633 -0.0962513
-0.116506 -0.452032 -0.11564
0.248742 -0.0717592 -0.0340922
-0.297846 -0.147506 -0.0568511
0.0761639 -0.431503 -0.101109
-0.166921 0.0672667 -0.016327
-0.00123338 -0.379881 -0.0749654
-0.196133 -0.163534 -0.0331553
0.00176348 -0.471731 -0.118259
-0.0999699 -0.434198 -0.104747
0.447002 0.00164555 -0.105469
0.0280908 -0.447938 -0.106377
0.0162757 -0.426785 -0.0957936
-0.320692 -0.217763 -0.0781889
-0.269795 -0.0706392 -0.0396769
0.464667 0.082938 -0.118407
-0.165846 -0.425987 -0.110601
0.0221665 -0.374842 -0.0731764
-0.165618 0.0186548 -0.0139865
-0.0566279 -0.464047 -0.116001
0.229334 -0.366878 -0.0984421
0.307301 -0.0778512 -0.0515775
0.0490137 -0.377313 -0.0752123
0.441081 -0.069215 -0.105206
0.419904 0.0063612 -0.0924538
0.116071 -0.168093 -0.0210863
-0.251731 -0.381321 -0.110491
-0.00291544 0.0980969 -0.0048274
-0.128305 0.0700157 -0.0107399
0.0278275 -0.372579 -0.0724169
0.00960473 0.112607 -0.00640684
0.0587002 0.369386 -0.0725798
0.118379 -0.299784 -0.053366
0.183815 -0.379583 -0.0932869
0.241273 -0.220254 -0.0548675
0.232271 -0.407979 -0.117049
0.216112 -0.0149521 -0.0237459
0.322867 -0.278225 -0.0953743
-0.335109 -0.150402 -0.0699025
0.14829 -0.169724 -0.025729
0.17036 0.105671 -0.0203004
0.403499 0.00548978 -0.0850364
0.223161 -0.109067 -0.0313392
-0.227146 0.192969 -0.0454489
-0.292763 -0.094701 -0.0485162
0.470962 0.011467 -0.117921
0.0911215 0.428545 -0.101086
0.202555 -0.185479 -0.038455
0.242833 -0.15755 -0.0428113
0.0226113 -0.415665 -0.0907632
0.00282665 -0.372189 -0.0718474
0.355467 -0.189235 -0.0846678
-0.214309 -0.138214 -0.0330621
0.193218 0.315837 -0.0710683
-0.134909 -0.223861 -0.0347612
-0.273012 -0.142409 -0.0485883
0.107259 -0.390948 -0.0858582
0.310741 -0.215743 -0.0743138
0.111195 -0.220735 -0.0310254
0.363576 -0.0681318 -0.0709303
-0.265435 0.141003 -0.0462377
-0.205682 -0.293973 -0.0665789
0.127968 -0.389983 -0.0881135
-0.276868 -0.0293123 -0.0395392
-0.0449406 -0.372195 -0.072934
-0.425173 -0.0146539 -0.0950065
-0.0479756 -0.382744 -0.077392
-0.311118 -0.0215872 -0.0498739
0.023615 -0.0170553 -0.000424364
-0.439607 -0.171374 -0.11831
0.27274 0.290168 -0.0827131
-0.12746 -0.366772 -0.0784621
0.339024 -0.212456 -0.0835258
-0.084951 -0.207225 -0.0254021
-0.438967 0.0689805 -0.104149
0.104563 -0.233967 -0.0333945
0.188482 0.0323402 -0.018456
0.0754808 -0.383387 -0.0795019
-0.348518 0.100789 -0.0681327
-0.145255 -0.237424 -0.0395154
-0.212645 -0.24977 -0.0553323
-0.100316 0.0586005 -0.00677159
0.14367 -0.435872 -0.111532
-0.297049 0.256891 -0.0803431
0.421973 -0.132944 -0.103192
-0.0792635 -0.373208 -0.0756447
-0.0444149 -0.435953 -0.101127
0.0532051 -0.170439 -0.0160692
-0.190767 -0.201542 -0.0392769
-0.197228 -0.071851 -0.0222789
0.244461 -0.21467 -0.0544018
0.30839 -0.168893 -0.0638532
-0.275525 -0.211245 -0.0622038
0.0368797 -0.477074 -0.121911
-0.251637 -0.204337 -0.0539952
0.184142 -0.00878793 -0.0171396
-0.268434 0.0824533 -0.0402372
0.0271077 -0.00029401 -0.000367524
-0.00454595 -0.100715 -0.00509507
0.340641 -0.164709 -0.0743461
0.0354809 -0.231949 -0.0279194
-0.171682 -0.210847 -0.0376752
0.082113 -0.399609 -0.0869994
0.0788624 -0.218975 -0.0274618
0.252266 -0.413088 -0.124946
0.270307 -0.0191212 -0.0374156
0.16771 0.398592 -0.098336
0.164918 -0.236848 -0.0425529
0.465905 -0.0138287 -0.115273
-0.476146 -0.0246792 -0.12098
0.194632 -0.406817 -0.107465
0.180963 -0.395838 -0.0996863
-0.321777 -0.0948779 -0.0579503
0.123659 -0.0722475 -0.0103088
0.0296365 -0.376013 -0.0738597
0.318357 -0.198153 -0.0729703
0.466051 0.0345046 -0.115915
-0.404642 0.0623087 -0.0876499
0.472935 -0.00345861 -0.11891
0.358581 0.00309613 -0.0665064
-0.167845 -0.399765 -0.0988807
0.229105 -0.147991 -0.037914
0.119403 -0.393649 -0.0885269
0.0569064 -0.392838 -0.0821546
-0.289972 -0.244342 -0.0746819
-0.343339 -0.154358 -0.0735595
-0.250465 -0.126735 -0.0402053
0.18922 -0.0161551 -0.0181982
-0.290558 0.0547265 -0.044709
0.336163 0.0664745 -0.060545
-0.288936 -0.0341099 -0.0432593
0.255108 0.0878025 -0.0370823
0.283365 0.0863047 -0.0448793
0.0354953 -0.375941 -0.0740365
0.259904 0.0968386 -0.0392335
-0.168331 -0.235322 -0.0427705
0.132406 -0.235413 -0.0371659
-0.308787 -0.162178 -0.0627974
0.209987 -0.144939 -0.0330986
0.203533 -0.232383 -0.0489099
0.06662 -0.0828956 -0.00567104
-0.165386 0.0698464 -0.0162475
0.0575963 0.0854314 -0.00532209
-0.140536 0.104646 -0.0154703
0.300711 -0.215156 -0.0708711
-0.124401 -0.210085 -0.0302637
0.00995374 -0.0955559 -0.00462571
0.260975 -0.199902 -0.055579
-0.204947 0.015753 -0.0213538
0.279129 0.0249582 -0.0400708
0.448063 -0.138166 -0.116739
0.337956 -0.181301 -0.0764657
0.0149314 -0.0243026 -0.000406865
-0.334944 0.0959214 -0.0626571
0.0365055 0.0744272 -0.00344195
-0.224306 -0.151803 -0.0373771
0.127227 -0.154015 -0.0201567
0.458854 -0.0760631 -0.11475
-0.204294 -0.125378 -0.0291528
-0.226285 -0.118913 -0.0332247
-0.0122355 -0.11331 -0.0065156
0.0432087 0.0519579 -0.00228592
-0.308265 -0.105261 -0.0545409
-0.382866 0.0902719 -0.0806171
-0.0427891 0.0891919 -0.00490508
-0.158235 -0.0722499 -0.0152453
0.1115 -0.0725987 -0.00889091
0.371864 0.0691017 -0.0742883
0.31571 -0.0155591 -0.0512717
0.172825 0.00863184 -0.0150853
0.207458 0.0912295 -0.0260193
