36.9 0 0 4.83429e-15 78.95 0 4.83429e-15 4.83429e-15 78.95
0.0802853 0.474083 -0.123188
0.140349 0.46156 -0.124063
-0.0278202 0.464472 -0.114849
-0.315176 0.124561 -0.0591765
-0.167055 0.0672797 -0.0163507
0.0373009 0.390005 -0.0799431
-0.399381 -0.217108 -0.109293
-0.330889 0.213783 -0.0808648
0.432421 -0.0710108 -0.101129
-0.360459 0.117869 -0.0747022
-0.393742 0.0764326 -0.0839621
0.458897 -0.0759438 -0.114762
-0.337127 0.0968654 -0.0635371
-0.208845 -0.0852012 -0.0257697
-0.175972 -0.398674 -0.0999485
-0.440288 -0.0797357 -0.105691
0.282668 0.301934 -0.0895416
0.39113 -0.0892793 -0.0840051
-0.287473 -0.267239 -0.0802487
0.0930719 0.368248 -0.0749426
-0.219421 -0.0991389 -0.0294197
-0.0749919 -0.101973 -0.0080435
0.417864 -0.0944016 -0.0964081
-0.0605014 0.401235 -0.0860251
0.0125286 -0.434161 -0.0992517
-0.417919 -0.101519 -0.0972055
-0.303266 -0.108534 -0.0532951
0.17576 -0.222191 -0.0409694
-0.152818 0.139732 -0.0216741
-0.402842 0.169977 -0.100652
-0.382721 -0.108136 -0.0824863
0.436475 -0.109165 -0.106931
-0.34836 -0.115142 -0.0697379
-0.0314541 0.271008 -0.0379369
0.312362 -0.116475 -0.0572044
-0.145405 0.320688 -0.0640423
-0.19727 -0.0718913 -0.0222904
-0.425552 0.0348948 -0.0957389
0.0948835 -0.152736 -0.0162984
0.275989 -0.125192 -0.0470273
-0.425387 -0.0144783 -0.0951043
-0.00813607 -0.28676 -0.0420321
0.162669 0.376337 -0.0879093
0.43355 -0.161561 -0.113472
-0.0801978 -0.331184 -0.059848
0.185947 -0.11773 -0.0245189
-0.060358 -0.38968 -0.0810298
0.210331 -0.144796 -0.0331521
-0.291801 0.329956 -0.102236
0.40386 0.186295 -0.104349
-0.126476 0.261636 -0.043156
-0.411809 -0.139827 -0.0995215
0.25285 0.329876 -0.0904678
0.342422 0.183643 -0.0785758
-0.2982 -0.147354 -0.0569392
0.428405 -0.214 -0.12212
0.242835 -0.157441 -0.0427938
-0.476003 -0.0246148 -0.120901
-0.341132 0.313052 -0.113644
0.0127882 0.347116 -0.0622652
0.250385 -0.162858 -0.0456496
-0.276837 -0.0291801 -0.0395264
0.254918 0.0878249 -0.0370339
-0.0915302 -0.0771461 -0.0071905
0.406731 -0.156476 -0.0999525
0.308535 -0.168868 -0.0638963
-0.18614 -0.367711 -0.0888794
-0.208079 -0.176303 -0.0379084
0.160573 0.311173 -0.0633102
0.328098 -0.0928365 -0.0599293
-0.312058 0.195254 -0.0702175
-0.157442 -0.29395 -0.0572353
0.157281 0.365389 -0.0825285
0.0532847 0.406209 -0.0877745
0.328577 -0.183709 -0.0735616
0.422129 -0.132859 -0.103253
-0.29178 -0.186003 -0.0617744
-0.211962 0.216727 -0.0470563
0.390956 -0.179893 -0.0973418
-0.258637 -0.235862 -0.0632631
0.462637 -0.114136 -0.12083
0.301063 0.165294 -0.0608305
0.410263 0.197221 -0.109613
-0.33243 -0.27424 -0.0976239
-0.157216 -0.201341 -0.0331779
-0.383092 0.25178 -0.111266
-0.191225 -0.201434 -0.0393453
0.276209 -0.301598 -0.0874501
0.218291 0.24099 -0.05434
-0.269866 -0.334704 -0.0971458
-0.314899 -0.34132 -0.114371
0.41679 0.10324 -0.0968791
0.291504 -0.101498 -0.0488303
-0.290472 0.0548515 -0.04469
-0.201732 -0.216086 -0.0446933
0.110972 -0.220771 -0.031008
0.15236 0.337188 -0.0709733
-0.364339 0.221078 -0.0953556
-0.337073 -0.19287 -0.0784889
-0.106699 -0.351076 -0.0697521
0.377397 0.0854602 -0.0779002
-0.166318 0.407198 -0.101931
-0.19323 -0.224417 -0.0448564
-0.434138 -0.210385 -0.124065
-0.0704501 -0.317498 -0.0543617
0.151524 0.313982 -0.0627402
0.0653883 0.379163 -0.0769833
-0.421035 0.20038 -0.115366
-0.365205 -0.224247 -0.0964854
0.286642 -0.231483 -0.0703487
-0.147871 0.376192 -0.0853341
-0.115904 0.0317681 -0.00724772
-0.331224 -0.232627 -0.0855738
-0.26922 0.2444 -0.068448
0.233925 0.328006 -0.0847455
0.298051 0.106889 -0.0514536
0.023888 0.2483 -0.0316113
-0.418134 -0.235194 -0.122591
0.37612 -0.246813 -0.106906
0.207344 -0.265902 -0.0585627
-0.314559 -0.257659 -0.0864003
-0.10906 -0.405045 -0.0922312
-0.0688019 -0.274538 -0.0408884
0.104077 0.26927 -0.0425754
0.000948438 -0.316961 -0.051562
-0.0704821 -0.360112 -0.0697573
0.318494 -0.341125 -0.115582
0.261053 -0.262272 -0.0709871
-0.185532 -0.282784 -0.0589309
-0.148112 -0.407711 -0.0989814
0.386163 -0.274885 -0.119479
0.128993 -0.44699 -0.11481
0.447956 -0.137806 -0.116629
0.000248893 -0.358967 -0.0666496
0.0438967 -0.429992 -0.0982351
0.0976378 0.378549 -0.079583
0.296012 0.267416 -0.0830128
-0.240769 -0.260437 -0.0650117
-0.415176 0.0485742 -0.0915564
0.140523 -0.433344 -0.109794
0.27586 -0.25846 -0.074203
-0.39053 -0.020996 -0.0796492
0.284298 0.190146 -0.060309
-0.221213 -0.409099 -0.11473
0.252414 -0.412993 -0.124944
-0.206732 0.339997 -0.0825775
0.1515 -0.420922 -0.105644
-0.38251 0.0901155 -0.0804537
-0.0777889 -0.448972 -0.109847
-0.0147399 0.358588 -0.0666205
-0.225289 0.381607 -0.103551
0.120425 0.131585 -0.0160369
-0.259816 -0.405814 -0.123752
-0.468535 0.0866036 -0.12081
-0.140509 0.10475 -0.0154773
-0.134823 -0.223362 -0.0346336
-0.0741203 -0.193501 -0.0217038
0.402146 0.128991 -0.0935563
-0.154933 -0.453806 -0.122472
-0.0164839 -0.460918 -0.11271
0.444549 0.0986386 -0.109693
0.425682 0.171476 -0.111523
0.00288593 -0.273118 -0.0380237
-0.304601 -0.303096 -0.0970322
0.279848 0.356161 -0.108465
-0.357321 -0.0279402 -0.0664365
-0.196041 0.240038 -0.0492373
0.313023 -0.249648 -0.0836527
-0.213548 -0.271919 -0.0616731
0.189267 -0.0164722 -0.0182125
-0.348956 -0.249328 -0.0966369
-0.432497 0.186594 -0.117883
-0.388692 -0.161746 -0.0929405
-0.356764 0.176468 -0.0826243
0.161966 -0.407611 -0.101323
0.241585 0.17098 -0.0448024
0.075714 -0.431775 -0.101202
0.293425 0.047944 -0.0452209
-0.308912 -0.162358 -0.0628697
-0.0286124 -0.432831 -0.0989789
-0.292977 -0.0946813 -0.0485801
0.0410769 0.336768 -0.0593086
0.181352 0.232442 -0.0444467
-0.413439 0.155791 -0.102895
0.278338 0.0734343 -0.0423281
-0.11959 -0.376556 -0.0813575
0.329531 -0.31294 -0.109226
-0.222678 0.315404 -0.0775387
-0.337638 0.258492 -0.094913
-0.438897 0.0689832 -0.104115
0.337266 0.0182672 -0.0587679
-0.0380597 0.379019 -0.0753941
-0.0985186 -0.433766 -0.104377
0.322836 -0.320834 -0.109583
-0.279366 0.344443 -0.103722
0.217341 -0.337502 -0.0841094
0.186889 0.298274 -0.063995
0.0971964 -0.446154 -0.110338
-0.276191 0.353415 -0.106235
-0.353206 0.235011 -0.0944532
0.0160688 0.292801 -0.0439616
0.0142561 0.411683 -0.0887845
0.384334 -0.269487 -0.117014
-0.298024 -0.324148 -0.102164
-0.019252 -0.300991 -0.0465675
-0.242279 -0.389182 -0.111272
-0.314644 -0.298685 -0.099008
0.0639571 0.202458 -0.0227997
0.166254 0.13959 -0.0238472
0.446963 0.15656 -0.119254
-0.309461 0.360264 -0.119975
0.25497 0.249364 -0.0657581
0.353682 0.260851 -0.101743
0.464431 0.0828819 -0.118278
0.243263 -0.0345592 -0.0306556
0.217708 -0.294964 -0.0696239
0.000658998 0.15124 -0.0115031
0.359172 -0.311858 -0.120375
0.205376 -0.393251 -0.1038
0.00127995 -0.400773 -0.0838236
0.339082 -0.212148 -0.0834756
0.153429 0.130509 -0.0204967
-0.0666533 0.213919 -0.0254253
-0.241563 0.346173 -0.0934618
-0.104592 0.387844 -0.0842283
-0.345033 0.0168919 -0.0615613
0.230473 0.206213 -0.0490222
0.0113075 -0.387486 -0.0781939
0.387901 0.21149 -0.102891
0.322998 -0.278222 -0.0954201
0.359514 0.271756 -0.107308
0.359336 -0.269502 -0.106553
-0.30241 0.0897825 -0.0510598
-0.0827176 0.19022 -0.0217495
-0.311175 -0.0214098 -0.0498887
-0.18471 0.31832 -0.0701856
-0.16479 0.288087 -0.0566814
-0.477931 0.0239356 -0.121929
-0.254164 0.155257 -0.0453817
-0.23185 -0.416908 -0.121118
0.285367 0.366576 -0.114456
0.33294 0.339791 -0.120402
-0.203611 0.172112 -0.0361951
-0.168013 0.342496 -0.0756255
-0.123406 0.418816 -0.100353
-0.288244 0.162106 -0.0562641
0.399145 -0.0267915 -0.0835036
-0.296938 0.206505 -0.0676997
0.378648 -0.0117666 -0.074534
0.465419 -0.0132749 -0.115009
0.358608 0.00333605 -0.0665178
0.419871 0.00635293 -0.0924385
0.0160924 0.180323 -0.0165242
0.199583 0.384751 -0.0988159
-0.371087 0.103944 -0.0772379
0.465917 0.0344821 -0.115844
-0.039929 0.201892 -0.0214065
-0.2542 0.267922 -0.070699
-0.40431 0.0623664 -0.087507
-0.478637 0.0726253 -0.124996
-0.261787 0.199762 -0.055774
-0.277264 0.175955 -0.0554555
-0.0117341 0.304111 -0.0474356
-0.45792 0.10038 -0.116692
-0.325647 0.110799 -0.0610232
-0.410615 0.214281 -0.113727
0.22161 0.137538 -0.0346129
0.0959529 0.313636 -0.0553171
0.318025 0.140359 -0.062365
-0.186635 0.372489 -0.0909239
0.193918 0.373899 -0.0930294
-0.226952 0.193043 -0.0454177
-0.267784 0.32295 -0.0922582
-0.157172 0.242689 -0.0427128
-0.141567 0.267059 -0.046775
0.0439229 0.281338 -0.041397
-0.18714 0.308984 -0.0675261
0.346945 0.306005 -0.113439
-0.260093 0.377862 -0.111422
