36.9 0 0 4.83429e-15 78.95 0 4.83429e-15 4.83429e-15 78.95
-0.0540103 0.476055 -0.122245
0.0480003 0.475029 -0.12134
-0.053842 0.466925 -0.117344
-0.0992122 0.462018 -0.118696
0.168462 0.451078 -0.123559
0.136085 0.453015 -0.118945
-0.0549528 0.45669 -0.112073
0.0716871 0.455971 -0.112897
0.0403521 0.456775 -0.111333
0.016007 0.457088 -0.110723
0.0395219 0.430026 -0.0980488
-0.0136894 0.422009 -0.0935118
-0.0842706 0.420836 -0.0967862
0.153459 0.417156 -0.104215
-0.00936163 0.419936 -0.0924946
-0.243878 0.401008 -0.116985
-0.0160687 0.413071 -0.0894431
-0.127712 0.408304 -0.0961321
-0.16727 0.405618 -0.101393
-0.205785 0.402841 -0.108164
-0.17151 0.405279 -0.10204
-0.0679535 0.407664 -0.0894001
-0.0472216 0.403867 -0.086402
-0.133057 0.399875 -0.0931396
0.00975263 0.401132 -0.0840317
-0.0566653 0.401836 -0.0860434
-0.0611141 0.399741 -0.0854113
-0.294331 0.383435 -0.124588
0.0340906 0.39515 -0.0820163
0.102023 0.389875 -0.0848011
-0.0644404 0.391416 -0.0820452
0.0352375 0.390946 -0.0802613
-0.260564 0.376448 -0.110959
0.0379094 0.39021 -0.0800549
-0.121553 0.381763 -0.0837678
0.286128 0.366763 -0.114779
0.195165 0.37458 -0.0935783
0.0333942 0.380625 -0.0758738
0.131062 0.377911 -0.0834816
-0.039523 0.379548 -0.0756725
-0.148823 0.374965 -0.0849845
-0.225644 0.369279 -0.0984916
-0.187622 0.372127 -0.0909789
-0.310596 0.359733 -0.120158
-0.158147 0.373275 -0.085858
-0.147081 0.372284 -0.0836092
0.281245 0.356885 -0.109194
0.207747 0.363454 -0.0918467
0.189667 0.363665 -0.0879832
0.0610407 0.369527 -0.072787
0.0309451 0.370412 -0.0716482
-0.151324 0.366158 -0.0818337
0.158089 0.365914 -0.0828771
0.0932867 0.368366 -0.0750111
-0.0424616 0.369149 -0.0716002
0.0692313 0.3681 -0.072795
-0.153172 0.363549 -0.0811036
-0.15696 0.364462 -0.082105
0.0363669 0.366568 -0.0703196
-0.0788992 0.363555 -0.0717744
0.275809 0.346095 -0.103257
0.334347 0.339775 -0.12093
0.152666 0.355012 -0.0776879
0.0899105 0.358492 -0.0708069
-0.092865 0.359145 -0.07135
0.120391 0.356353 -0.073437
-0.0859564 0.356718 -0.0697506
-0.280024 0.343476 -0.103557
-0.15397 0.345262 -0.0742099
0.32867 0.329463 -0.114884
-0.129106 0.344268 -0.0700477
-0.2071 0.338694 -0.0821787
-0.168524 0.341425 -0.0753225
0.11138 0.341605 -0.0667796
-0.28474 0.32709 -0.0989254
0.00833764 0.337 -0.0585324
0.147394 0.334196 -0.0690927
-0.0628124 0.335848 -0.0601805
-0.191577 0.330734 -0.075926
-0.0692248 0.335827 -0.0606236
-0.295937 0.319736 -0.0998941
0.087343 0.332154 -0.0608275
-0.0144604 0.332276 -0.0569285
0.217123 0.322777 -0.0787659
-0.159613 0.326896 -0.0685158
0.0359592 0.325704 -0.0552122
-0.106235 0.323255 -0.0596703
0.169121 0.318185 -0.0671783
-0.135017 0.32037 -0.062379
-0.181426 0.317655 -0.0693122
-0.344963 0.302992 -0.111633
0.0638284 0.314854 -0.0530085
0.284245 0.302255 -0.0901392
0.238345 0.306838 -0.078565
0.161247 0.311504 -0.0635362
0.0961567 0.314196 -0.055524
-0.038867 0.315964 -0.0520253
0.192324 0.309533 -0.0687639
-0.149023 0.311758 -0.0615977
0.342542 0.295564 -0.1082
-0.188008 0.308735 -0.0676183
-0.311483 0.295967 -0.097015
0.311328 0.292396 -0.0957989
0.124081 0.302873 -0.0550812
-0.0827031 0.302321 -0.0503884
0.33656 0.285186 -0.102561
0.335753 0.297603 -0.106298
-0.277277 0.288976 -0.0836976
0.0804944 0.298331 -0.0489378
0.0866251 0.295239 -0.0485116
0.235884 0.285465 -0.0710929
0.242902 0.283971 -0.0724444
0.272729 0.27993 -0.0795337
-0.164999 0.287073 -0.0564087
-0.238749 0.283561 -0.0712418
-0.203745 0.284413 -0.0631982
0.207091 0.281119 -0.0629377
0.151002 0.284456 -0.0532778
0.205833 0.275511 -0.0609972
-0.16369 0.279175 -0.0538144
0.296787 0.268037 -0.0834447
-0.0770546 0.280546 -0.0432574
0.354759 0.261076 -0.102233
-0.338431 0.258102 -0.0950978
-0.383876 0.251376 -0.11149
-0.179873 0.268141 -0.0535614
0.270184 0.262464 -0.0736559
0.168935 0.266838 -0.0511805
0.201133 0.265364 -0.0570645
0.104283 0.268596 -0.0424088
0.0716359 0.270152 -0.0398509
0.290785 0.257244 -0.0784415
-0.0322203 0.270032 -0.0376878
0.348591 0.25056 -0.0968365
-0.14193 0.266078 -0.0465545
-0.181005 0.263273 -0.0524111
-0.219285 0.260654 -0.0598013
-0.0587586 0.262082 -0.036745
0.255442 0.249482 -0.0659187
0.371551 0.236532 -0.102224
-0.26996 0.244005 -0.0685586
-0.353763 0.234635 -0.094573
-0.0486991 0.248011 -0.0324676
-0.118294 0.24541 -0.0378251
-0.317865 0.234483 -0.0813163
-0.397972 0.227355 -0.111221
0.308838 0.233075 -0.0778856
0.248532 0.238854 -0.0612878
0.216117 0.239236 -0.0533958
-0.157526 0.24243 -0.0427052
-0.196529 0.239595 -0.0492263
-0.235186 0.237259 -0.0574525
0.365893 0.225796 -0.09715
-0.319125 0.22746 -0.0799887
0.0514549 0.236779 -0.0297999
-0.364915 0.220583 -0.095467
0.212707 0.230325 -0.0504179
0.181124 0.231922 -0.0442771
0.0848144 0.384078 -0.0806031
-0.409592 0.213807 -0.11314
-0.0503121 0.233077 -0.0288442
-0.320549 0.220238 -0.0787272
-0.0395234 0.230432 -0.0277145
0.388371 0.211636 -0.103129
0.172112 0.225082 -0.0409818
-0.285349 0.220494 -0.0672844
0.230931 0.219889 -0.0522027
0.111793 0.224743 -0.032016
-0.0938833 0.225022 -0.0301799
-0.332021 0.212905 -0.0810694
-0.0240431 0.225919 -0.0261507
-0.289999 0.215401 -0.0675284
0.267397 0.214647 -0.060625
-0.134053 0.22153 -0.0341043
-0.173312 0.218646 -0.0397101
0.325893 0.208273 -0.0778199
-0.35683 0.288879 -0.111619
-0.42166 0.200089 -0.115598
-0.211749 0.216138 -0.0468752
-0.0672306 0.21379 -0.0254367
0.382352 0.20084 -0.0980739
0.00370609 0.214599 -0.0233047
0.319758 0.197604 -0.0733352
-0.26224 0.199346 -0.0558117
0.404736 0.186195 -0.104724
-0.346308 0.189768 -0.0812733
0.193648 0.197536 -0.0390214
-0.149305 0.197799 -0.0311947
0.128119 0.198992 -0.0284097
-0.188307 0.19519 -0.0374817
0.152326 0.225687 -0.0377828
0.284653 0.189795 -0.0603454
-0.22735 0.192713 -0.0454458
0.343034 0.183906 -0.0788561
0.128297 0.193466 -0.0273178
-0.353212 0.183181 -0.0825656
-0.311872 0.182899 -0.0676463
0.123928 0.190014 -0.0260716
-0.0830837 0.189424 -0.021626
0.426446 0.171433 -0.111882
-0.357446 0.176063 -0.0828121
-0.402153 0.16924 -0.100205
0.336526 0.17294 -0.0743424
-0.277285 0.175733 -0.0554203
0.0162517 0.179325 -0.0163443
0.419886 0.161052 -0.106827
-0.164939 0.174792 -0.029308
0.242091 0.1709 -0.0449162
-0.203899 0.171704 -0.0361832
0.278001 0.291765 -0.0848013
0.359255 0.158367 -0.080296
-0.413691 0.155293 -0.102925
-0.28858 0.16182 -0.0563179
-0.0981866 0.165862 -0.0187512
0.329485 0.158576 -0.0692513
0.20519 0.162379 -0.0348419
0.192201 0.164185 -0.0324762
0.173583 0.163733 -0.0288869
-0.372659 0.152291 -0.0846133
0.295358 0.154325 -0.0571598
-0.254237 0.154841 -0.0453337
0.151041 0.414838 -0.102729
-0.219034 0.153556 -0.0364418
0.259286 0.146109 -0.0453154
0.318122 0.14029 -0.0623874
0.0282257 0.144976 -0.0109675
0.374699 0.133045 -0.0824489
-0.15287 0.139349 -0.0216275
-0.191763 0.136751 -0.0281327
0.222262 0.13743 -0.0347475
-0.168492 0.139217 -0.0241778
-0.0510681 0.140697 -0.0112652
-0.344842 0.131966 -0.0706622
0.203466 0.135748 -0.0303743
-0.230711 0.134003 -0.0362491
0.312414 0.129197 -0.0588806
-0.394826 0.124155 -0.0896714
0.120932 0.131469 -0.0160837
0.0886252 0.133054 -0.0128616
0.152935 0.130223 -0.0203812
0.1889 0.128721 -0.0264766
-0.315237 0.124124 -0.0591393
0.396311 0.117966 -0.0894936
0.207112 -0.13262 -0.0307134
-0.219055 -0.0991961 -0.0293429
0.302125 -0.221482 -0.0728181
-0.21624 -0.226055 -0.0501898
-0.320213 -0.218122 -0.0781073
0.195504 -0.365223 -0.0898402
0.26458 -0.357796 -0.104467
-0.123892 -0.209893 -0.0301569
-0.296692 -0.223011 -0.0714312
0.0678685 -0.233446 -0.0300015
-0.434188 -0.212036 -0.124488
-0.0026696 -0.192228 -0.0186532
0.427286 -0.214305 -0.121649
-0.218578 -0.191464 -0.0431483
0.31268 -0.117149 -0.0573932
-0.416923 -0.235571 -0.122115
0.164762 -0.236212 -0.0423689
-0.352644 -0.222675 -0.0911228
0.132188 -0.235973 -0.0372731
-0.0915109 -0.0772487 -0.0071967
0.032413 0.413693 -0.0901606
-0.167885 -0.235084 -0.0426339
-0.286283 -0.228002 -0.0693781
-0.276657 -0.231264 -0.067274
0.0869512 -0.418588 -0.0959957
-0.38874 -0.16282 -0.0931535
0.432139 -0.0712069 -0.101008
-0.4114 -0.140259 -0.0994015
-0.365721 -0.225676 -0.0970501
-0.415447 0.0482253 -0.0916618
-0.224137 -0.151795 -0.0373366
0.203571 0.0556304 -0.0225215
-0.371452 -0.186191 -0.0904086
-0.25776 -0.236011 -0.0630587
-0.208203 -0.0854411 -0.0256534
0.447756 -0.138454 -0.116629
0.292125 -0.23584 -0.0731545
-0.0464408 -0.247124 -0.0321297
-0.478196 0.0234727 -0.122061
0.0227432 -0.289409 -0.0430647
-0.0980513 -0.247041 -0.0359685
-0.304043 -0.109375 -0.0536411
-0.125906 0.29067 -0.0514968
-0.241396 -0.303508 -0.0782567
-0.278997 0.0687026 -0.0421687
0.319018 -0.198018 -0.0731686
0.255196 -0.243859 -0.0643678
-0.331947 -0.317118 -0.111604
-0.29246 -0.0950509 -0.0484578
-0.285339 -0.283701 -0.0845246
-0.0708792 -0.354942 -0.0678025
0.0561931 -0.247434 -0.032726
-0.23076 -0.247619 -0.0590244
0.185946 -0.251166 -0.0500844
0.153452 -0.251079 -0.0442742
-0.476217 -0.0250798 -0.12103
-0.303871 -0.242981 -0.078793
0.336993 -0.136474 -0.0684365
-0.400098 -0.218345 -0.109917
-0.1035 -0.374949 -0.0787502
0.464838 0.0827664 -0.118481
-0.0270049 -0.432385 -0.0987153
0.0291938 -0.0988211 -0.00532312
-0.301142 -0.362283 -0.11792
-0.0587757 -0.261046 -0.0364647
0.0122521 -0.302917 -0.0470618
-0.382786 -0.242765 -0.10863
0.312585 -0.250097 -0.0836258
0.136618 -0.0356394 -0.0100174
0.119349 -0.419303 -0.100033
-0.348318 -0.249558 -0.0964539
-0.126511 -0.382529 -0.0847589
-0.0952028 -0.26457 -0.0403442
-0.214203 -0.357474 -0.0909733
-0.119357 -0.1571 -0.0196564
-0.265119 -0.258025 -0.0709494
-0.168065 0.116823 -0.0211709
0.30118 -0.216133 -0.0712499
-0.185638 -0.325437 -0.0728379
-0.241216 -0.261735 -0.0654895
0.248837 -0.0719615 -0.0341317
0.419955 0.00621566 -0.0924762
0.00229573 -0.139831 -0.00982724
0.206923 -0.266252 -0.0585688
-0.314882 -0.300194 -0.0995928
0.148019 -0.438738 -0.11366
-0.0736149 0.0965307 -0.00739602
-0.117727 -0.159493 -0.0198458
-0.230276 -0.113178 -0.0334786
0.111666 0.000941443 -0.00625461
0.202191 -0.185113 -0.0383076
-0.196868 -0.163174 -0.033244
0.447097 0.00108519 -0.105515
0.415897 0.00994944 -0.0906428
0.270538 -0.177636 -0.0538209
0.437886 0.0878198 -0.105269
-0.0685643 -0.274126 -0.0407536
0.00197486 -0.316155 -0.0512945
-0.0559998 -0.463724 -0.115792
0.0692278 -0.478202 -0.124483
-0.261431 0.312932 -0.0869134
0.249861 -0.16268 -0.045482
-0.206306 0.0639981 -0.0236076
-0.107657 -0.277454 -0.0453119
-0.213239 -0.272487 -0.0617675
-0.286215 -0.267796 -0.0800185
0.04684 -0.465028 -0.115944
0.4064 -0.15679 -0.099858
0.265785 -0.272666 -0.0753317
-0.146997 -0.280646 -0.0515119
0.256899 0.0393904 -0.0343649
0.174981 -0.26614 -0.0520806
0.187169 0.0806728 -0.0209905
-0.0587186 -0.285755 -0.0434979
0.390841 -0.18054 -0.0974208
0.196719 -0.280478 -0.0605139
-0.00858073 -0.286496 -0.0419571
-0.0672196 -0.285781 -0.0440655
-0.0705472 -0.245002 -0.0330474
-0.185345 -0.283659 -0.0591574
-0.0347281 -0.256619 -0.0341115
0.337792 -0.272936 -0.0992212
0.230895 -0.400491 -0.113268
-0.331437 -0.274449 -0.097322
0.270197 -0.0866832 -0.0411051
0.302078 -0.131792 -0.055871
-0.365933 -0.0886267 -0.0735883
-0.0595551 -0.208006 -0.0236872
0.0221543 -0.374112 -0.0728811
-0.128411 0.0698901 -0.0107448
0.235272 0.328614 -0.0853087
0.153859 -0.116656 -0.0188176
0.41745 0.102925 -0.0971478
0.176055 -0.292902 -0.0602059
0.36599 -0.218337 -0.0953561
0.385163 -0.275254 -0.119157
0.378762 -0.277258 -0.117012
0.375992 -0.113215 -0.0803195
-0.183487 -0.444272 -0.123099
-0.0699083 -0.359975 -0.0696608
0.349891 -0.284266 -0.107381
-0.113322 -0.196152 -0.0259966
0.190492 -0.35351 -0.0841707
0.005644 -0.339284 -0.0593329
-0.0595099 -0.304126 -0.0492288
-0.269956 -0.335832 -0.0975918
0.46615 0.0344066 -0.115964
-0.297534 -0.147533 -0.0567568
-0.417639 -0.102247 -0.0971584
0.426588 -0.0321548 -0.0961255
0.0121844 -0.387134 -0.0780569
0.189477 -0.016422 -0.0182522
-0.207513 -0.176808 -0.0378787
0.20616 -0.351251 -0.0866979
-0.337002 -0.193237 -0.0785398
-0.349147 -0.116002 -0.0701396
0.313098 -0.293115 -0.096643
0.292455 -0.296395 -0.0908135
0.275462 -0.301198 -0.0870923
-0.34941 -0.292421 -0.10983
0.293512 0.0478547 -0.0452431
-0.242018 -0.346518 -0.0937149
0.207049 -0.308966 -0.0717376
-0.0689541 -0.140713 -0.0123537
0.000307165 -0.232114 -0.0273115
0.076357 -0.313316 -0.0534258
0.239119 0.112683 -0.0355703
0.173231 -0.351549 -0.0799977
-0.0691561 -0.317188 -0.0541623
0.223341 -0.200025 -0.0460037
0.0891825 -0.114524 -0.0105907
-0.0746745 -0.10219 -0.00804182
0.00184027 -0.358221 -0.0663648
0.376289 -0.246813 -0.106977
-0.277029 -0.0295148 -0.039592
0.25527 0.087689 -0.0371148
-0.238057 -0.254092 -0.0625746
0.399211 -0.0273231 -0.083548
-0.376867 -0.0778771 -0.0770124
-0.213938 -0.314947 -0.0753169
-0.241457 -0.127723 -0.0380305
0.228804 -0.147774 -0.0378089
0.0439653 0.222609 -0.0260841
0.0547245 -0.416639 -0.0925768
-0.288046 -0.310723 -0.094196
0.390854 -0.0897323 -0.0839315
0.254858 0.121513 -0.0406866
-0.425705 0.0342072 -0.0957846
-0.301843 -0.0713016 -0.0493125
-0.0601834 -0.346495 -0.0638808
0.265323 -0.31603 -0.0891055
-0.352854 -0.128286 -0.0731577
0.195607 -0.323847 -0.0743321
-0.121862 -0.385706 -0.0854618
-0.00858786 -0.329907 -0.0560258
0.180654 -0.170176 -0.0312873
0.216781 -0.337405 -0.0839411
0.0156436 -0.462236 -0.113381
-0.468831 0.0860367 -0.120912
0.17356 -0.392828 -0.0969145
0.128217 -0.329052 -0.0644333
-0.134902 -0.22416 -0.0348296
0.3124 -0.335489 -0.111263
-0.253574 -0.140959 -0.0430096
-0.27781 0.0200258 -0.0395728
0.129595 -0.406723 -0.0956874
-0.236723 -0.0742842 -0.0312668
-0.197065 -0.0717952 -0.022242
0.322315 -0.321319 -0.109569
-0.164969 -0.426095 -0.11049
0.184789 -0.337051 -0.0768262
-0.359919 0.11756 -0.0744528
0.125987 -0.00297608 -0.00797263
-0.315489 -0.189675 -0.0702204
-0.0772609 -0.384772 -0.0802274
0.184557 -0.37924 -0.0932942
0.34928 -0.326868 -0.121842
-0.0878865 -0.420263 -0.0968637
-0.269374 -0.293472 -0.0827695
0.307845 -0.169042 -0.0637006
-0.256232 0.0473867 -0.0345468
0.194013 0.315688 -0.0711837
-0.157414 -0.201334 -0.0332088
0.355625 -0.189378 -0.0847585
-0.108151 0.314626 -0.0569657
-0.0136793 -0.205625 -0.0214647
0.306464 -0.195926 -0.0684995
0.172965 -0.34785 -0.0785428
-0.213834 -0.138023 -0.0329298
0.178722 0.0999278 -0.0211881
0.00254405 -0.273289 -0.0380714
-0.0460682 0.0854171 -0.00472032
0.0306482 -0.373862 -0.0730221
0.274726 -0.343601 -0.101967
-0.356872 -0.0284308 -0.0662794
0.27117 -0.0767176 -0.0405307
0.0419159 -0.361408 -0.068535
0.0334873 -0.401895 -0.0849268
0.0662894 -0.363353 -0.0707096
-0.272727 -0.266313 -0.0755016
0.170585 -0.269777 -0.0523073
-0.0795316 -0.379822 -0.0783655
0.143295 -0.221443 -0.0354123
-0.121025 -0.0357122 -0.00799313
-0.0968924 -0.351664 -0.0689016
0.443252 -0.190957 -0.124179
-0.404579 0.0621727 -0.0876126
0.2557 0.0070088 -0.0332693
-0.274783 -0.211204 -0.061977
-0.371468 0.103639 -0.0773569
-0.0057704 -0.447266 -0.105617
-0.187663 -0.359225 -0.0858118
-0.165626 0.018616 -0.013987
0.201899 -0.0944966 -0.0251629
0.399969 0.0214568 -0.0837226
0.462685 -0.114889 -0.120953
0.334076 0.114737 -0.0644634
-0.201626 -0.215004 -0.0444267
0.44459 0.0983898 -0.109686
0.0484566 -0.399724 -0.084646
0.109979 0.280351 -0.0464237
-0.0481167 -0.376121 -0.0746795
0.182865 -0.327838 -0.0731331
-0.194586 -0.415818 -0.111613
-0.218529 0.0991864 -0.0292234
-0.0821333 -0.449036 -0.110269
0.392669 -0.148839 -0.0924441
0.045018 -0.3923 -0.0812649
-0.0593257 -0.388794 -0.0805872
0.370298 -0.0742578 -0.0740598
0.291381 -0.101621 -0.0488057
0.0872987 -0.360386 -0.0712906
-0.0803885 -0.372578 -0.0754877
-0.175823 -0.397347 -0.0993325
0.360441 -0.136884 -0.0773162
0.15561 0.261645 -0.0474626
-0.0988139 -0.39181 -0.0852754
-0.0357901 -0.233817 -0.0283783
0.0816983 -0.0259043 -0.00367959
-0.302556 0.0894945 -0.0510791
-0.249282 -0.15386 -0.0438696
0.050548 -0.459366 -0.113193
-0.0588491 0.282328 -0.0424888
-0.268513 0.0823639 -0.0402517
-0.390548 -0.0215437 -0.0796694
0.140049 0.0556429 -0.0114201
-0.2043 -0.386536 -0.100638
0.162456 -0.406323 -0.100828
-0.190452 -0.201537 -0.0392134
0.172919 0.0083928 -0.0150998
-0.287169 -0.352982 -0.10953
0.323958 -0.145714 -0.0652174
-0.418439 -0.0661259 -0.0941655
-0.0514139 -0.101515 -0.00649542
0.115735 -0.077173 -0.0097224
0.356127 0.10009 -0.0709385
-0.00296767 0.0978385 -0.00480212
-0.23562 -0.16666 -0.0425514
-0.0213846 -0.39594 -0.0819726
0.369682 -0.152455 -0.0834342
0.111206 -0.22017 -0.0308982
-0.29208 0.103294 -0.0492006
0.188591 0.0322633 -0.0184745
0.307125 -0.0780746 -0.0515388
-0.147573 -0.177412 -0.0269907
-0.382875 -0.108387 -0.0825802
-0.186453 -0.368744 -0.0893611
-0.204926 0.0157516 -0.0213494
0.344156 -0.160263 -0.0748665
-0.0246967 -0.219863 -0.024782
0.458709 -0.076274 -0.114693
-0.0641216 -0.385144 -0.0793738
-0.10216 -0.379729 -0.0805602
0.0513472 -0.398127 -0.0841078
-0.417053 0.0965797 -0.096264
-0.137219 -0.394346 -0.0913407
0.472761 -0.00371452 -0.118817
0.432859 -0.162168 -0.113245
0.134094 -0.398739 -0.0927923
0.0538939 -0.377312 -0.0754832
0.139028 -0.388114 -0.0889353
-0.147753 -0.323229 -0.0652851
0.204465 0.00692005 -0.0211506
-0.378004 -0.147429 -0.0860101
-0.291604 -0.186423 -0.0618029
-0.0567422 -0.373889 -0.0742637
0.328009 -0.0931111 -0.0599255
-0.147422 -0.365396 -0.0808958
-0.425107 -0.0147338 -0.094977
-0.0517726 -0.0777585 -0.00437295
0.116043 -0.168616 -0.0211727
0.121002 -0.369456 -0.0786636
-0.441957 -0.0320091 -0.103535
-0.232943 -0.034094 -0.0281075
-0.460532 0.109997 -0.119199
0.226133 -0.0076843 -0.0259339
-0.286056 -0.133785 -0.0511726
-0.0805151 -0.154657 -0.0153181
0.421717 -0.133288 -0.103123
-0.0416662 -0.118733 -0.00794838
0.0362612 -0.399628 -0.08404
-0.038823 -0.106992 -0.00649842
-0.0731904 -0.0845103 -0.00626907
0.281336 -0.116836 -0.0475298
0.0636261 -0.412035 -0.0910564
-0.157819 -0.294732 -0.0575425
-0.329935 -0.215668 -0.0809621
-0.179959 -0.232778 -0.0442651
-0.0449591 0.0359499 -0.00165824
0.0642198 -0.404444 -0.0876949
-0.0187598 -0.389755 -0.0792727
0.152476 -0.42984 -0.110062
-0.00383309 -0.101094 -0.00513053
-0.428044 0.0826124 -0.100026
-0.342981 -0.154416 -0.0734366
0.278985 0.0247108 -0.0400225
-0.251869 -0.139355 -0.0423246
0.151285 -0.420103 -0.105223
0.375973 -0.0330651 -0.0739593
0.0517369 -0.165659 -0.0151749
-0.0104684 -0.421621 -0.0932883
0.465895 -0.0140536 -0.115271
-0.0472067 -0.41669 -0.092178
-0.440971 -0.0806615 -0.106111
0.314453 0.0814915 -0.0542312
-0.280099 0.117793 -0.0472831
0.181632 0.285203 -0.0589001
0.176697 -0.0268547 -0.0161011
0.05981 -0.409109 -0.0894769
-0.438744 0.0683951 -0.103995
-0.393824 0.0758459 -0.0839488
-0.383818 -0.0827722 -0.0803085
0.315901 0.0330567 -0.051784
-0.440206 -0.172341 -0.118798
0.0833783 0.0186159 -0.00365593
0.211667 0.0638251 -0.0247443
-0.162693 -0.212612 -0.0365027
0.0834327 -0.0756553 -0.00636261
0.0128606 0.121179 -0.00745262
-0.311252 -0.0215481 -0.0499168
-0.43809 -0.0660423 -0.103498
-0.458653 -0.103008 -0.117375
0.217647 0.0812528 -0.0273604
-0.267232 0.033762 -0.0369595
0.148142 -0.0781053 -0.014123
0.250815 -0.203176 -0.053527
0.0896952 -0.142921 -0.0143386
-0.166992 0.0671517 -0.0163313
0.401006 -0.209173 -0.108125
-0.0502903 -0.225128 -0.0269697
0.124502 -0.223463 -0.0332717
0.338905 -0.21283 -0.0835685
-0.325828 0.110472 -0.0610474
0.417491 -0.0947444 -0.0962717
-0.179667 0.101885 -0.0215628
0.125266 -0.0758575 -0.0107811
0.0918919 -0.206513 -0.0258808
-0.0505099 -0.205846 -0.02272
0.239497 -0.178095 -0.0455769
0.398692 0.0701627 -0.0856032
0.104359 -0.0357803 -0.00610415
-0.321311 -0.185419 -0.0713563
-0.180525 -0.187808 -0.0345265
0.336773 0.0659201 -0.0607245
-0.306625 -0.0692992 -0.0506957
0.358568 0.00286312 -0.066501
-0.281618 -0.172086 -0.0560307
0.148507 -0.169582 -0.0257373
0.0308604 0.089647 -0.00450462
-0.163435 -0.1607 -0.0266221
0.337305 0.0179507 -0.0587757
0.275772 0.121152 -0.0464424
-0.226193 -0.118916 -0.0332033
0.129875 0.0152017 -0.00858619
-0.338314 -0.10166 -0.064474
0.00199258 -0.0860132 -0.003708
-0.251345 -0.0829331 -0.035662
-0.061029 -0.0854721 -0.0055303
-0.0479867 0.0209712 -0.0013722
0.348679 -0.0334235 -0.0633539
-0.380568 0.0856896 -0.0792255
-0.00558749 -0.0152921 -0.000132543
-0.290497 0.0544535 -0.0446747
-0.405954 0.110254 -0.0927813
-0.457896 0.0996637 -0.116599
0.298167 0.106651 -0.0514631
