36.9 0 0 4.83429e-15 78.95 0 4.83429e-15 4.83429e-15 78.95
0.0231239 0.476595 -0.121181
0.0796721 0.473703 -0.122926
-0.0232837 0.474954 -0.120298
0.139879 0.461397 -0.123903
-0.0683996 0.463256 -0.116419
-0.0277176 0.464282 -0.114746
0.328854 -0.0239166 -0.0559221
0.282757 0.302056 -0.0896098
0.0650872 0.313009 -0.0524826
0.432505 -0.0708655 -0.101158
-0.270634 -0.335031 -0.097497
-0.241121 0.346288 -0.0933877
0.353168 0.260961 -0.101573
0.143506 -0.221995 -0.0355704
-0.440171 -0.0795997 -0.105621
0.385178 -0.269118 -0.117269
0.418058 -0.094237 -0.096481
0.406994 -0.156441 -0.100065
0.291551 -0.101505 -0.0488455
0.308549 -0.168862 -0.0639
-0.417345 -0.100947 -0.096876
0.076098 0.167505 -0.0170701
-0.30331 -0.10834 -0.0532869
-0.382727 -0.10811 -0.0824857
0.302719 -0.220902 -0.0728735
0.129547 -0.44698 -0.114886
-0.322723 0.16929 -0.0687691
-0.468675 -0.111294 -0.123668
-0.425706 0.0352628 -0.095826
-0.158349 -0.336384 -0.0716834
0.462813 -0.114123 -0.120921
0.0768988 0.120841 -0.0103111
0.344924 -0.160006 -0.075108
-0.241092 -0.126817 -0.037819
0.328114 -0.0926525 -0.0599168
0.284907 0.366244 -0.114171
0.0105984 -0.387994 -0.078399
0.123533 -0.330029 -0.064147
-0.402475 0.169801 -0.100455
0.124841 0.366816 -0.0781212
-0.215277 0.157749 -0.0362724
0.0476601 -0.251012 -0.0331902
0.210328 -0.144521 -0.0331102
0.237904 0.393406 -0.11195
-0.0918541 -0.076843 -0.00719691
0.448562 -0.137759 -0.116929
-0.360847 -0.308142 -0.119751
-0.137727 0.459866 -0.122757
0.0160211 0.292845 -0.0439742
-0.345901 0.190407 -0.0812519
0.387696 0.21145 -0.102793
-0.285937 -0.225284 -0.0686099
0.250327 -0.162884 -0.0456388
-0.308787 -0.161653 -0.0627066
0.466031 0.0350113 -0.115925
-0.316251 -0.316531 -0.105688
-0.412302 -0.139546 -0.0997036
0.0081994 -0.178378 -0.0160721
0.4661 -0.0132695 -0.115368
0.271196 -0.177294 -0.0539452
0.094993 -0.152705 -0.0163041
-0.3112 -0.0213369 -0.049895
0.179815 -0.0792233 -0.0194949
-0.428311 0.0829969 -0.100188
-0.0785687 -0.449069 -0.109964
-0.0985291 -0.433565 -0.104281
-0.123267 0.418621 -0.100244
0.0438927 -0.430033 -0.0982542
-0.416984 0.0968805 -0.096264
-0.0741707 -0.193133 -0.0216349
0.39125 -0.179833 -0.0974572
-0.292254 -0.186219 -0.0619648
0.151308 -0.421553 -0.105909
-0.112975 -0.196733 -0.0260736
-0.30753 0.305957 -0.0989917
-0.337345 -0.19272 -0.078557
-0.0849399 -0.20717 -0.0253894
0.245137 0.412258 -0.122531
-0.338531 0.259136 -0.095431
-0.204202 -0.428465 -0.119819
-0.179462 0.101982 -0.0215353
-0.38271 -0.200593 -0.0981711
0.193032 0.197214 -0.0388313
0.313634 -0.249796 -0.083902
-0.291996 0.329862 -0.102264
0.110689 -0.22076 -0.0309731
-0.325121 0.337279 -0.116519
-0.13489 -0.223403 -0.0346526
0.339267 -0.212202 -0.0835568
-0.235179 -0.165274 -0.0422029
-0.23058 0.134555 -0.0362948
-0.164404 0.288359 -0.056697
0.0128588 0.347258 -0.0623184
0.183359 -0.420598 -0.111475
0.207592 -0.266118 -0.0586783
-0.433952 -0.209916 -0.123861
0.259641 -0.0347429 -0.03492
0.419912 0.0063528 -0.0924575
-0.399629 -0.217032 -0.109386
0.428446 -0.213776 -0.122086
0.422216 -0.132716 -0.103272
-0.393738 0.0764926 -0.0839656
-0.126589 0.261837 -0.0432259
0.169943 0.105484 -0.0202079
0.164527 -0.236896 -0.0424976
-0.388547 -0.161187 -0.0927788
0.274195 -0.385488 -0.118969
-0.260203 -0.406331 -0.124107
-0.331244 -0.232534 -0.0855575
-0.37219 -0.227424 -0.100137
0.318014 0.140413 -0.0623694
0.230443 0.206162 -0.0490041
-0.146507 -0.158841 -0.0236265
0.411525 -0.237106 -0.119984
-0.0590055 -0.260839 -0.0364225
0.0530696 0.237967 -0.0301778
-0.349523 -0.249272 -0.0968404
0.205428 0.275328 -0.0608547
-0.240769 -0.260408 -0.0650038
0.364018 0.281448 -0.11215
-0.0100591 -0.330117 -0.0561137
-0.314639 -0.256988 -0.0862385
-0.299702 -0.0703681 -0.0485657
-0.348589 -0.11503 -0.0698098
0.168423 0.266841 -0.0510901
0.472923 -0.00309719 -0.118902
-0.133809 0.222356 -0.0342604
-0.251955 0.342176 -0.0947737
-0.218414 -0.190225 -0.0428638
-0.238524 0.291965 -0.0737913
-0.31683 -0.268926 -0.090441
-0.0874054 0.348689 -0.0668459
-0.191394 -0.201205 -0.039331
-0.00848868 -0.287076 -0.0421299
-0.186308 -0.2828 -0.059089
0.359511 -0.269439 -0.106605
-0.33331 -0.274225 -0.0979439
0.307709 0.232715 -0.0774174
0.0959626 0.313725 -0.0553478
0.0227338 -0.415407 -0.0906484
-0.364465 0.221319 -0.0954654
0.263412 -0.399134 -0.12176
-0.188439 0.195727 -0.0376168
-0.315109 -0.341302 -0.114438
0.0652051 -0.444865 -0.106779
0.279183 0.356274 -0.108302
0.398717 0.0704063 -0.0856327
-0.26945 -0.292141 -0.0823671
-0.296938 0.206505 -0.0676997
-0.214636 -0.399612 -0.108798
0.332686 0.0367505 -0.0576789
-0.13763 -0.436508 -0.110889
0.357009 -0.306017 -0.117448
-0.261461 0.199769 -0.0556851
0.158082 -0.364346 -0.0822517
0.351576 0.316302 -0.118894
-0.19685 -0.339279 -0.0801415
0.140627 -0.43364 -0.109955
-0.371058 0.104269 -0.077263
-0.424848 0.142602 -0.106038
-0.0380866 0.379936 -0.0757717
-0.476057 -0.0243698 -0.120923
0.0973845 -0.44579 -0.110176
-0.155811 -0.454397 -0.122933
0.0977986 0.378723 -0.0796715
0.28578 -0.329326 -0.10007
-0.14619 -0.358241 -0.0778873
-0.298033 -0.324548 -0.102311
0.227025 -0.36548 -0.0972908
0.194397 -0.406583 -0.107308
-0.311665 0.183359 -0.0676673
-0.0781493 -0.426764 -0.09902
-0.24241 -0.388434 -0.11098
0.380505 0.143998 -0.0865008
-0.0197234 -0.342781 -0.0607918
0.0250984 0.151579 -0.0118735
0.27604 -0.301613 -0.0874041
0.217429 -0.338089 -0.0843469
-0.0112005 0.304561 -0.047573
0.275351 -0.344065 -0.102336
0.122113 -0.206374 -0.0291765
0.227979 -0.322991 -0.0814675
-0.404433 0.0624575 -0.0875676
-0.276842 0.176268 -0.0553899
-0.303644 0.251489 -0.0810041
0.464391 0.0833651 -0.118302
-0.142105 -0.306845 -0.058909
0.0145788 0.411765 -0.0888263
0.436731 -0.108942 -0.107029
0.402119 0.129018 -0.0935484
0.323412 -0.320971 -0.109841
-0.365332 -0.224197 -0.0965245
-0.232037 -0.416702 -0.12107
0.241537 0.283633 -0.0719846
-0.165914 0.40727 -0.101889
-0.360575 0.117822 -0.0747413
-0.140339 0.104913 -0.0154705
0.199238 0.384123 -0.0984715
-0.275828 0.353448 -0.106136
0.391278 -0.0889963 -0.0840409
-0.457931 0.10054 -0.116716
0.358672 0.00347736 -0.0665428
-0.186852 -0.367981 -0.0891343
0.25015 0.198983 -0.0524608
0.359605 -0.31196 -0.120588
0.293436 0.322841 -0.100184
-0.254003 0.268146 -0.07071
0.337284 0.0183909 -0.0587767
-0.415195 0.0486847 -0.0915714
-0.432552 0.186796 -0.117954
-0.337222 0.0969939 -0.0635847
0.12833 0.312423 -0.0587649
-0.0354405 0.324909 -0.054919
-0.00928182 -0.37201 -0.0718177
-0.382474 -0.277602 -0.118722
0.340477 0.295644 -0.107436
-0.119466 -0.375804 -0.0810337
0.193925 0.374017 -0.0930799
0.00439987 -0.475001 -0.120026
0.0942372 0.369228 -0.0754516
0.0649935 0.379245 -0.0769891
-0.382945 0.252071 -0.111285
0.0436386 0.281787 -0.0415159
0.239639 0.338518 -0.0900668
-0.246876 -0.179939 -0.0478055
-0.412899 0.155837 -0.102654
-0.147807 -0.407288 -0.0987397
0.2843 0.190167 -0.060314
-0.269168 0.244516 -0.0684634
0.205487 -0.393024 -0.103726
-0.158429 -0.379007 -0.0882685
-0.10439 0.388067 -0.0842997
-0.390415 -0.0209727 -0.0796
0.332334 -0.327026 -0.115349
-0.368436 0.162696 -0.084694
0.160679 0.31127 -0.0633605
-0.0801157 -0.330545 -0.0596162
0.1044 0.176501 -0.0212518
0.293412 0.0479653 -0.045218
-0.0397436 0.202184 -0.0214591
0.221449 0.137501 -0.0345706
-0.0823583 0.190345 -0.0217435
0.239692 0.402044 -0.11631
-0.276884 -0.029069 -0.0395363
0.399369 -0.0265757 -0.0835951
0.151907 0.0925013 -0.0159433
0.423358 0.11414 -0.101257
0.348633 0.011871 -0.0628157
0.173274 0.163842 -0.0288502
-0.477984 0.0242071 -0.121965
-0.356773 0.176596 -0.0826522
-0.382462 0.0903338 -0.0804551
-0.290477 0.054963 -0.0446978
0.0686556 0.325193 -0.0568479
0.359424 0.2717 -0.107255
0.18095 0.231924 -0.0442446
0.342393 0.183706 -0.0785775
-0.3764 0.20732 -0.0970374
-0.468544 0.0867369 -0.120828
0.0727872 0.10922 -0.00865093
-0.32578 0.110794 -0.0610686
-0.310066 0.36105 -0.12051
-0.32327 0.118348 -0.0611229
0.254591 0.249136 -0.0655937
0.0165353 0.180438 -0.0165526
-0.420689 0.200558 -0.115242
-0.211844 0.216921 -0.0470742
-0.410579 0.214339 -0.113725
-0.047392 0.247138 -0.0321793
-0.141243 0.267276 -0.0467876
0.247627 0.294673 -0.0770433
0.145781 0.339785 -0.0708639
0.228245 0.363144 -0.096656
