36.9 0 0 4.83429e-15 78.95 0 4.83429e-15 4.83429e-15 78.95
0.0802526 0.474107 -0.123198
0.140384 0.461751 -0.12417
-0.0979835 0.463497 -0.119336
-0.0278541 0.464536 -0.114884
-0.13834 0.459694 -0.122764
-0.0979299 0.46048 -0.117748
0.135958 0.453001 -0.118918
0.168071 0.450962 -0.123424
-0.0308835 0.457029 -0.111085
-0.00915701 0.430482 -0.0974473
-0.079677 0.42916 -0.100293
-0.0140733 0.430323 -0.0974348
0.245558 0.412691 -0.122853
-0.0120787 0.423309 -0.0940952
-0.230397 0.41175 -0.118309
-0.239567 0.410351 -0.120102
-0.123421 0.41871 -0.100306
0.240423 0.402199 -0.116579
-0.166377 0.407117 -0.101905
-0.243197 0.401224 -0.116895
0.0142127 0.411553 -0.0887248
-0.0558678 0.409501 -0.0894026
0.0532847 0.406209 -0.0877745
-0.0609685 0.400927 -0.0859209
-0.0296083 0.398175 -0.0831683
0.199691 0.3848 -0.0988602
0.0933961 0.390982 -0.0843524
0.0373385 0.390183 -0.0800199
-0.26011 0.377462 -0.111256
-0.225289 0.381607 -0.103551
-0.0564093 0.389983 -0.0809072
-0.104694 0.387877 -0.0842542
0.285372 0.366596 -0.114466
0.194177 0.373975 -0.0931163
0.12893 0.379409 -0.0837983
0.162669 0.376337 -0.0879093
0.11842 0.378517 -0.0820122
-0.0381505 0.379078 -0.0754219
0.0653151 0.379278 -0.0770256
-0.14786 0.375938 -0.085228
-0.309663 0.360345 -0.120079
0.0972648 0.378474 -0.0795125
-0.186618 0.372506 -0.0909274
-0.0795104 0.373967 -0.0759726
0.125378 0.366914 -0.0782332
0.0994022 0.371143 -0.0767598
0.064143 0.371006 -0.0735875
0.279895 0.356287 -0.10853
0.157356 0.365435 -0.0825598
0.093205 0.368441 -0.0750328
-0.276173 0.353516 -0.106269
0.0998997 0.366607 -0.0750031
0.0687106 0.375289 -0.0756424
0.333146 0.33995 -0.120541
0.00122406 0.360865 -0.0673826
0.0870123 0.359816 -0.0710429
-0.14113 0.45292 -0.11969
-0.014841 0.358693 -0.0666624
-0.0729879 0.358095 -0.069172
-0.279366 0.344443 -0.103722
-0.241531 0.346147 -0.0934433
-0.171718 0.343782 -0.0767846
0.239962 0.338879 -0.0902861
0.121342 0.344817 -0.069206
0.0127871 0.347145 -0.0622759
-0.206537 0.339998 -0.0825339
-0.167962 0.342592 -0.0756516
-0.291918 0.330009 -0.102293
-0.112866 0.342329 -0.0672234
0.152171 0.337207 -0.0709491
0.25285 0.329876 -0.0904678
-0.0617106 0.337183 -0.0605855
-0.138723 0.334752 -0.067961
0.233757 0.328058 -0.084721
0.0410769 0.336768 -0.0593086
-0.267784 0.32295 -0.0922582
-0.341215 0.313054 -0.113677
-0.13907 0.329879 -0.0662766
-0.105325 0.324374 -0.059953
0.346919 0.306016 -0.113433
0.0334064 0.428601 -0.0971238
0.131065 0.323551 -0.0629106
-0.222692 0.315387 -0.0775362
-0.114658 0.320667 -0.0597733
-0.250388 0.310004 -0.0828285
-0.092796 0.318555 -0.0566487
-0.14841 0.31468 -0.0624761
0.160629 0.311166 -0.0633176
0.151349 0.314412 -0.0628561
0.0650908 0.315789 -0.0534058
0.0960246 0.313624 -0.0553207
-0.110714 0.314646 -0.0572697
0.282986 0.301984 -0.0896569
0.128742 0.312545 -0.0588619
0.341138 0.29563 -0.107684
-0.186775 0.309131 -0.0675016
-0.310648 0.296651 -0.0969521
-0.0116193 0.304148 -0.047446
0.247584 0.29445 -0.0769607
0.186889 0.298274 -0.063995
-0.238793 0.291695 -0.0737755
-0.0492712 0.296042 -0.0460967
0.241865 0.283636 -0.0720712
0.0160637 0.292652 -0.0439159
-0.270784 0.283357 -0.0800084
0.359514 0.271756 -0.107308
-0.164863 0.288048 -0.056682
0.205719 0.275323 -0.0609171
0.296182 0.267612 -0.0831249
0.0438654 0.281475 -0.0414347
0.353744 0.260901 -0.101782
-0.254143 0.267994 -0.0707045
-0.0941468 0.275008 -0.0431788
-0.33781 0.258626 -0.0950157
-0.180457 0.263758 -0.0524415
-0.383196 0.251822 -0.111323
0.136514 0.26815 -0.046344
0.104076 0.269195 -0.0425545
-0.339755 0.255269 -0.0947906
0.168126 0.266512 -0.0509454
-0.0314541 0.271008 -0.0379369
-0.141528 0.267056 -0.0467681
-0.282017 0.259542 -0.0763635
0.233528 0.256662 -0.0621359
-0.126552 0.261596 -0.0431551
-0.303885 0.251491 -0.0810843
0.255034 0.249417 -0.0657899
0.285368 0.248964 -0.0744828
-0.00403029 0.25913 -0.034166
-0.075005 0.258018 -0.0367756
-0.274498 0.246264 -0.0704816
0.370935 0.236323 -0.101914
0.275552 0.244957 -0.0704478
-0.269256 0.244352 -0.0684457
-0.0595064 0.250547 -0.0337261
-0.353206 0.235011 -0.0944532
-0.157183 0.242698 -0.0427168
0.0238027 0.248296 -0.0316083
-0.117824 0.246187 -0.0379659
-0.300207 0.236665 -0.0759516
0.218234 0.240921 -0.0543092
-0.0501088 0.247553 -0.0324224
-0.196029 0.240025 -0.0492316
0.308245 0.232767 -0.0776094
0.364595 0.226189 -0.0967232
-0.0497617 0.240453 -0.0306157
-0.31922 0.227852 -0.0801182
0.0522886 0.237575 -0.0300392
-0.364345 0.22107 -0.095356
-0.0504527 0.236817 -0.0297566
0.211856 0.230821 -0.0503482
0.181311 0.2323 -0.0444043
0.148787 0.232801 -0.0389243
-0.295377 0.320577 -0.100009
-0.410486 0.214202 -0.113649
-0.284948 0.220969 -0.0672741
0.387894 0.211494 -0.102889
-0.330766 0.213745 -0.0808117
-0.133799 0.22233 -0.0342529
-0.145311 0.320826 -0.0640751
0.266788 0.214367 -0.0603878
-0.172729 0.219036 -0.0396939
-0.421037 0.200405 -0.115373
0.325719 0.208545 -0.0778199
0.381292 0.201383 -0.0977466
0.409864 0.196973 -0.109375
-0.296938 0.206505 -0.0676997
-0.0666533 0.213919 -0.0254253
0.230593 0.206364 -0.0490842
-0.261699 0.199735 -0.055744
-0.432679 0.186629 -0.117981
-0.312058 0.195254 -0.0702175
0.113419 0.343676 -0.0677861
-0.342114 0.192822 -0.0803384
0.403985 0.186401 -0.104427
0.0639113 0.202458 -0.0227969
-0.345865 0.190176 -0.0811906
0.193329 0.197304 -0.0389094
-0.0398953 0.201903 -0.0214074
-0.149363 0.198565 -0.0313605
0.28432 0.190134 -0.0603133
-0.188471 0.195643 -0.0376059
-0.226952 0.193043 -0.0454177
0.342484 0.183675 -0.0786054
-0.311703 0.183239 -0.0676562
-0.0121204 0.190646 -0.018416
-0.0827123 0.190206 -0.0217463
0.425754 0.1715 -0.111562
-0.356764 0.176468 -0.0826243
-0.349281 0.175539 -0.0795713
-0.402794 0.169785 -0.100595
-0.238812 0.178519 -0.0454846
-0.277264 0.175955 -0.0554555
0.0491006 0.182327 -0.0179888
0.0160924 0.180323 -0.0165242
-0.322854 0.169147 -0.0687885
0.214982 0.173011 -0.0388288
0.241949 0.171199 -0.0449336
-0.20357 0.172101 -0.0361844
0.446816 0.156478 -0.119165
0.301249 0.165427 -0.0609138
-0.340178 0.163298 -0.0739261
-0.368078 0.161759 -0.0843839
-0.413304 0.155791 -0.102833
0.358733 0.158309 -0.080082
-0.288283 0.162181 -0.0562892
0.20601 0.163622 -0.0352267
0.0763214 0.167769 -0.0171324
-0.0981228 0.166523 -0.0188568
0.173522 0.164068 -0.0289326
-0.137099 0.164512 -0.0231993
-0.21531 0.157662 -0.0362653
-0.253952 0.155307 -0.0453337
-0.42474 0.14204 -0.105897
0.380752 0.144054 -0.0866127
0.25874 0.146206 -0.0451819
0.31792 0.140312 -0.0623222
0.0284822 0.145378 -0.0110339
-0.265288 0.14107 -0.0462068
0.374197 0.133228 -0.082271
0.166254 0.13959 -0.0238472
-0.152832 0.139753 -0.0216792
0.221693 0.137567 -0.0346361
0.402146 0.128991 -0.0935563
-0.191925 0.136991 -0.0281985
-0.230738 0.134143 -0.0362751
0.120485 0.131571 -0.0160425
-0.0859254 0.131311 -0.0123896
0.153429 0.130509 -0.0204967
-0.315176 0.124561 -0.0591765
0.395827 0.118475 -0.0893493
-0.145477 0.127911 -0.0189418
0.275312 0.121288 -0.0463268
-0.360489 0.11788 -0.0747153
0.423431 0.113847 -0.101253
-0.241752 0.120147 -0.037129
0.333565 0.115072 -0.0643224
0.0128042 0.121696 -0.00751521
-0.325683 0.110846 -0.0610413
0.238664 0.112833 -0.0354751
0.428172 -0.213917 -0.121986
-0.0281956 -0.432638 -0.0988731
-0.399539 -0.217213 -0.109389
0.248775 -0.0716418 -0.0340919
-0.0195504 -0.343321 -0.0609855
0.134837 -0.42946 -0.107037
0.164784 -0.236901 -0.0425429
-0.411893 -0.139811 -0.0995575
-0.201781 -0.21596 -0.0446751
-0.365295 -0.224274 -0.0965286
0.218165 0.0796132 -0.027341
0.40681 -0.156496 -0.0999918
0.0151936 -0.24342 -0.0301981
0.186674 -0.240104 -0.0473705
-0.123524 -0.240966 -0.0373594
-0.258523 -0.235925 -0.0632473
-0.00814443 -0.286729 -0.042023
0.127263 -0.153838 -0.0201337
-0.109103 -0.40513 -0.0922743
0.0245805 -0.245308 -0.0308665
-0.240844 -0.260535 -0.0650585
-0.0475742 -0.247538 -0.0322906
-0.115904 0.0317681 -0.00724772
-0.0897532 -0.368486 -0.0747095
-0.331125 -0.232337 -0.0854644
0.242826 -0.157387 -0.0427826
0.401611 -0.208675 -0.108281
-0.0168167 -0.460526 -0.112513
0.255425 -0.24429 -0.0645425
-0.271636 -0.0700687 -0.0401542
0.227504 -0.00292132 -0.0262273
-0.21802 0.31084 -0.0748807
0.0017217 -0.316196 -0.0513076
-0.304642 -0.24226 -0.0788578
-0.328022 -0.160132 -0.0690009
0.205318 -0.393207 -0.103768
0.186189 -0.251703 -0.0502743
0.0438906 -0.430069 -0.0982715
0.185853 -0.117454 -0.0244677
0.312383 -0.116402 -0.0572022
-0.315116 -0.34158 -0.114548
0.399912 0.0218539 -0.0837072
0.298028 0.106725 -0.0514279
-0.233991 -0.24934 -0.0602777
0.4645 0.0830435 -0.118329
-0.418267 -0.235162 -0.122645
-0.2374 0.0833543 -0.0321709
0.286642 -0.231483 -0.0703487
-0.297906 -0.324267 -0.102168
-0.0588591 -0.26094 -0.036441
0.422132 -0.132884 -0.103258
0.0134081 -0.259958 -0.034473
-0.0189761 -0.30096 -0.0465522
0.217367 -0.337497 -0.084114
0.313149 -0.249747 -0.0837226
0.277585 -0.254736 -0.0736869
-0.348943 -0.249345 -0.0966361
0.37612 -0.246813 -0.106906
-0.264743 -0.256344 -0.070377
0.143642 -0.221515 -0.0354803
0.27586 -0.25826 -0.0741474
-0.314402 -0.257702 -0.0863582
-0.390802 -0.0209179 -0.0797631
0.207322 -0.265857 -0.0585449
0.381008 0.0929524 -0.0801128
-0.314564 -0.298742 -0.0989992
0.00272548 -0.273263 -0.0380646
-0.434259 -0.210541 -0.124162
0.274155 0.175521 -0.0544675
-0.0687781 -0.274502 -0.0408763
0.276101 -0.263432 -0.0756775
-0.063067 -0.179842 -0.0183283
-0.0499321 -0.2747 -0.0397675
0.162243 -0.407255 -0.101212
-0.134785 -0.223453 -0.0346494
-0.47618 -0.0245527 -0.120995
-0.00398926 -0.0731364 -0.00268603
-0.213343 -0.271997 -0.0616491
0.00035683 -0.359232 -0.0667518
-0.0704855 -0.360031 -0.0697263
0.237591 -0.27117 -0.067253
-0.235496 -0.165719 -0.0423577
0.109397 -0.278574 -0.0458362
-0.218334 -0.19025 -0.0428504
0.27045 -0.0864286 -0.0411534
0.444484 0.0985933 -0.109655
-0.0498272 -0.281677 -0.0417853
0.181121 -0.170179 -0.0313751
0.232159 -0.27634 -0.0674023
0.170284 0.105606 -0.0202803
0.328038 -0.270046 -0.0947561
0.204645 0.00699219 -0.0211888
-0.185701 -0.282943 -0.0590121
0.26557 -0.362926 -0.106827
-0.0593688 -0.221903 -0.0267404
-0.146022 -0.2378 -0.0397247
-0.0347297 -0.318837 -0.0528268
-0.343666 -0.153785 -0.0735853
0.384607 -0.269609 -0.11717
0.1514 -0.420829 -0.105584
-0.0487322 -0.290826 -0.044466
-0.332268 -0.274266 -0.0975721
-0.382909 -0.108148 -0.0825662
0.136892 -0.349443 -0.0730964
0.323083 -0.278242 -0.0954564
0.233971 -0.284751 -0.0703902
0.254751 -0.110576 -0.0393361
-0.11857 -0.290872 -0.0506135
0.359483 -0.269657 -0.106659
0.417729 -0.0944528 -0.0963514
-0.157448 -0.294016 -0.0572569
0.386118 -0.274916 -0.119469
0.140635 -0.433453 -0.109865
-0.219386 -0.0991733 -0.0294154
0.275594 -0.34372 -0.102278
0.261053 -0.262272 -0.0709871
-0.371177 0.103983 -0.0772785
0.285935 -0.287192 -0.0857999
-0.234666 0.238229 -0.0575676
-0.157909 -0.336288 -0.071574
-0.425779 0.034736 -0.0958396
0.00858219 -0.301027 -0.046423
0.344652 -0.160096 -0.0750221
-0.269248 -0.292119 -0.0823007
0.349527 -0.284175 -0.107209
-0.0586153 -0.303944 -0.0491149
0.179808 -0.0793334 -0.0195025
-0.0278039 -0.282876 -0.0412465
-0.270539 -0.115002 -0.0441846
0.0758543 -0.432132 -0.101386
0.153236 -0.25053 -0.0440955
-0.260045 -0.406607 -0.124188
0.250421 -0.162861 -0.0456594
-0.415321 0.0485568 -0.0916218
-0.204908 -0.300842 -0.0685997
0.33842 -0.124569 -0.0672864
0.27621 -0.301433 -0.0873959
0.223862 -0.200408 -0.0462062
-0.0698507 -0.317055 -0.0541685
-0.230161 -0.112956 -0.0334253
0.111019 -0.220812 -0.0310229
0.0203081 -0.00406163 -0.000214482
-0.175536 -0.312072 -0.0662986
-0.304601 -0.303096 -0.0970322
0.256741 0.0395636 -0.0343298
-0.0849609 -0.207447 -0.0254501
-0.0449266 0.0364438 -0.00167468
-0.401243 -0.0328448 -0.0846173
0.432436 -0.0709201 -0.101129
0.0972932 -0.446211 -0.110377
0.187078 0.0806778 -0.0209734
0.148036 -0.0781055 -0.014107
-0.297986 -0.147377 -0.0568753
-0.267265 0.0337812 -0.0369691
0.433614 -0.161607 -0.113512
-0.0962914 -0.221384 -0.0295789
-0.00939017 -0.329854 -0.0560147
0.41987 0.00646267 -0.0924389
-0.0802191 -0.331169 -0.0598448
0.249601 0.106707 -0.0375485
0.22774 -0.323134 -0.0814583
0.426808 -0.0316522 -0.0962119
0.0576385 0.0854941 -0.00532992
0.329531 -0.31294 -0.109226
0.163443 -0.401095 -0.0986625
-0.00925204 -0.371667 -0.0716801
0.359243 -0.312014 -0.12046
-0.0576848 -0.334823 -0.0594863
-0.06952 -0.140607 -0.0123783
0.271002 -0.177373 -0.0539045
-0.184618 0.318125 -0.0701008
0.202458 -0.185422 -0.0384235
0.322898 -0.320887 -0.109625
-0.287274 -0.267182 -0.08017
-0.211577 -0.0866427 -0.0264866
-0.146983 -0.342168 -0.0719285
-0.14154 -0.337008 -0.0691983
-0.0754158 -0.313339 -0.0533578
0.217547 -0.294969 -0.0695879
0.210268 -0.144703 -0.0331244
0.285618 -0.329422 -0.100054
0.291635 -0.101466 -0.048867
0.17962 -0.341365 -0.0773915
-0.269966 -0.334927 -0.0972586
-0.468506 0.0865753 -0.120792
-0.291882 -0.186116 -0.0618286
-0.0758585 -0.380675 -0.0784079
0.313639 -0.120558 -0.058142
0.0752914 -0.350945 -0.0666357
-0.184618 -0.346131 -0.0801579
-0.279128 0.0689187 -0.0422223
-0.106699 -0.351076 -0.0697521
-0.302436 0.0897792 -0.0510678
0.194408 -0.366066 -0.0899443
-0.382336 0.090238 -0.0803935
-0.244025 -0.0737964 -0.0330429
0.153983 -0.11681 -0.0188555
-0.117172 0.367506 -0.0773897
0.255087 0.0880095 -0.0370956
0.301138 -0.21524 -0.0710288
0.318494 -0.341125 -0.115582
-0.0326338 -0.359963 -0.0676043
-0.0575644 -0.358696 -0.0683222
-0.276928 -0.0292603 -0.039555
0.0833529 -0.0759062 -0.00637505
-0.0471907 -0.416747 -0.0922035
-0.11956 -0.376537 -0.081346
-0.0623416 -0.361023 -0.0695291
-0.363738 -0.111896 -0.0752436
0.128568 -0.446851 -0.114679
-0.393723 0.0764052 -0.0839516
0.466065 0.0346469 -0.115928
-0.167092 -0.426397 -0.111031
0.0788411 -0.219269 -0.0275263
0.30741 -0.0777965 -0.0516084
0.252472 -0.413043 -0.124984
0.0226768 -0.415265 -0.090582
-0.242919 -0.346438 -0.0939252
-0.0489171 -0.324119 -0.0552494
0.30251 -0.220941 -0.0728147
-0.256194 0.0474563 -0.0345402
0.229701 -0.0181814 -0.0269085
0.175834 -0.222097 -0.0409613
-0.303298 -0.108498 -0.0533014
0.112582 -0.392516 -0.0871713
0.318204 -0.198103 -0.0729069
0.094411 -0.444741 -0.109331
-0.320761 -0.21802 -0.0782736
-0.18629 -0.367848 -0.0889652
-0.155019 -0.454068 -0.122622
-0.128284 0.0700822 -0.0107418
0.376492 -0.112953 -0.0804918
0.472595 -0.00338595 -0.118727
-0.07779 -0.448951 -0.109836
0.194524 -0.406949 -0.107502
-0.231913 -0.416963 -0.121161
-0.263556 -0.158895 -0.0485325
-0.140492 0.104781 -0.0154783
0.189297 -0.0163631 -0.0182165
-0.208676 -0.0852566 -0.0257384
-0.0127196 -0.458296 -0.111291
-0.277783 0.0202213 -0.0395689
0.173462 -0.129891 -0.0237627
-0.348623 -0.115173 -0.0698403
-0.193696 -0.135069 -0.0282808
-0.478031 0.0239341 -0.121983
-0.438897 0.0689832 -0.104115
0.462707 -0.114233 -0.12088
-0.253222 -0.105816 -0.0383965
0.315863 0.0331999 -0.0517764
0.314197 0.0814765 -0.0541448
0.398792 0.0703738 -0.0856627
-0.0452092 -0.471516 -0.119302
-0.176527 -0.398379 -0.0999264
0.275989 -0.125192 -0.0470273
0.130108 -0.393345 -0.0898619
-0.098511 -0.43391 -0.104445
-0.388588 -0.161625 -0.0928743
0.0492686 -0.424659 -0.0959884
0.0201831 -0.374546 -0.0730112
-0.179302 -0.292769 -0.0607784
-0.14795 -0.407753 -0.0989737
-0.417845 -0.101434 -0.0971618
-0.0269769 -0.0313066 -0.000854293
0.0452272 -0.382124 -0.0769962
-0.131058 -0.373497 -0.0816733
-0.0144339 -0.206267 -0.0216106
0.391021 -0.179879 -0.097367
-0.242268 -0.38881 -0.111106
0.0618535 0.0299291 -0.00236359
-0.440491 -0.0799404 -0.105809
0.436413 -0.109029 -0.106884
-0.0915882 -0.0770921 -0.00719166
-0.2685 0.0824467 -0.0402551
-0.439574 -0.171222 -0.118265
0.011226 -0.387641 -0.0782578
-0.199179 -0.159537 -0.0331103
-0.179462 0.101923 -0.0215293
0.0981199 -0.441261 -0.108001
-0.191088 -0.201398 -0.0393106
0.337246 0.0182888 -0.058761
-0.000378708 -0.433686 -0.098936
0.329848 -0.18007 -0.0732987
-0.218599 0.0991132 -0.0292317
-0.0741451 -0.193634 -0.0217319
-0.292911 -0.0947683 -0.0485684
0.328004 -0.0927842 -0.0598911
-0.206261 0.0642948 -0.0236176
0.377397 0.0854602 -0.0779002
0.411795 -0.23736 -0.120179
-0.309477 -0.0700147 -0.0516742
0.0355823 -0.407827 -0.0876345
0.356074 0.100266 -0.0709369
0.0127381 -0.434316 -0.0993296
0.188465 0.0322552 -0.01845
0.336013 0.0668864 -0.0605206
0.131529 -0.336602 -0.0675842
-0.197199 -0.33921 -0.0801906
0.197414 -0.237166 -0.0488006
0.226667 -0.00792217 -0.0260598
0.183972 -0.419843 -0.111245
-0.0027809 -0.19199 -0.0186072
-0.252554 -0.141132 -0.0427652
-0.208152 -0.176187 -0.0379028
-0.197332 -0.0718246 -0.0222979
-0.311173 -0.021405 -0.049888
-0.344535 -0.0689694 -0.0637635
-0.167049 0.0673151 -0.0163521
0.0506988 -0.216445 -0.0250225
0.20422 0.0592791 -0.0228714
0.309179 -0.20581 -0.0715334
0.122714 -0.205539 -0.0290753
-0.113588 -0.14964 -0.0178057
-0.221213 -0.409099 -0.11473
0.293347 0.047991 -0.0451993
-0.0604142 -0.389414 -0.0809206
0.20342 0.0557112 -0.0224947
-0.290519 0.0547693 -0.0446995
0.32878 -0.183648 -0.0736215
-0.280159 0.117788 -0.0473002
0.27908 0.0248215 -0.0400529
-0.165629 0.0186814 -0.0139889
-0.19613 -0.163479 -0.0331456
0.44409 -0.190354 -0.124472
0.0667822 -0.233565 -0.029955
-0.30909 -0.162133 -0.0628895
-0.28561 -0.225672 -0.0686036
-0.357321 -0.0279402 -0.0664365
0.358884 0.0239684 -0.0669255
0.227498 -0.365037 -0.0972307
0.206472 -0.309727 -0.0718629
0.30853 -0.168874 -0.0638959
-0.0476964 -0.383145 -0.077544
0.214973 -0.300125 -0.0706392
0.228996 -0.147971 -0.0378848
-0.337069 -0.19287 -0.0784872
-0.457931 0.100528 -0.116714
0.207564 -0.132706 -0.0308218
0.263299 -0.399251 -0.121779
0.0948347 -0.152763 -0.0162979
-0.203761 -0.42833 -0.119651
0.0434845 -0.392586 -0.0813131
0.00128275 -0.400607 -0.0837509
-0.416895 0.0967852 -0.096213
-0.119458 0.10959 -0.0132275
-0.00166957 -0.145376 -0.010625
0.29448 0.10672 -0.0503199
-0.214383 -0.138269 -0.0330865
0.0513301 -0.165948 -0.0152024
0.370493 -0.0742374 -0.0741362
0.0358245 -0.23181 -0.0278989
-0.0184932 -0.380344 -0.0753397
0.391166 -0.0892811 -0.0840208
0.416963 0.103199 -0.0969541
-0.112775 -0.197112 -0.0261269
-0.0953864 -0.406982 -0.0915579
-0.0952667 -0.0849831 -0.00818241
0.121355 -0.406327 -0.094367
0.312653 -0.292773 -0.0963785
0.243263 -0.0345592 -0.0306556
0.278338 0.0734343 -0.0423281
-0.174132 -0.320927 -0.0690413
-0.404541 0.0624125 -0.0876122
0.172784 0.00864993 -0.0150783
0.458974 -0.075872 -0.114796
-0.23632 -0.0746935 -0.0311999
0.0727675 0.109102 -0.00863651
-0.135484 0.352751 -0.0741433
-0.0508656 -0.170187 -0.015902
-0.425387 -0.0144783 -0.0951043
0.33915 -0.21223 -0.0835198
-0.337127 0.0968654 -0.0635371
-0.241528 -0.127144 -0.0379718
-0.211962 0.216727 -0.0470563
0.447021 0.00169379 -0.105478
-0.100269 0.0586823 -0.0067717
-0.0501547 -0.232112 -0.0286049
0.114211 -0.0251943 -0.00686298
0.115427 -0.07708 -0.00967925
0.358574 0.0033009 -0.0665045
-0.258758 -0.213874 -0.0580328
0.244575 -0.214619 -0.0544199
0.312385 -0.199382 -0.0712037
-0.31335 -0.0691396 -0.0528826
-0.157216 -0.201341 -0.0331779
0.372043 -0.0675799 -0.074248
-0.295598 -0.136453 -0.0544831
0.370453 0.0710036 -0.0738667
0.448325 -0.137998 -0.116846
0.378648 -0.0117666 -0.074534
-0.237227 -0.034271 -0.0291505
0.348833 0.132668 -0.0722528
0.206519 -0.150892 -0.0332624
-0.110982 -0.151925 -0.0178586
0.360959 -0.136593 -0.0774758
0.465419 -0.0132749 -0.115009
0.39919 -0.026892 -0.0835262
-0.092982 -0.3532 -0.0690844
-0.0750524 -0.101854 -0.00803585
-0.00354433 -0.100796 -0.00509919
0.0272189 -0.100762 -0.00546188
0.201062 -0.0945752 -0.0249977
0.322258 -0.0692352 -0.0558835
0.00463848 -0.475484 -0.120288
0.31563 -0.0150142 -0.0512364
-0.139293 0.0615856 -0.0116658
-0.228854 0.0852473 -0.0302791
