36.9 0 0 4.83429e-15 78.95 0 4.83429e-15 4.83429e-15 78.95
-0.142113 -0.72538 -0.326481
0.278097 -0.702649 -0.34506
-0.0583023 -0.715882 -0.304217
-0.073201 -0.697027 -0.286701
-0.41739 -0.621222 -0.336774
0.372292 -0.631902 -0.320222
0.335772 -0.64087 -0.30968
0.0851654 -0.675615 -0.267681
0.0531349 -0.674514 -0.263653
0.102345 -0.657779 -0.253775
-0.032762 -0.657907 -0.247613
0.177648 -0.646388 -0.25796
0.0381743 -0.655657 -0.245907
-0.263511 -0.63235 -0.271512
-0.190648 -0.636691 -0.25282
-0.449083 -0.577773 -0.318455
-0.408274 -0.580529 -0.295516
-0.374039 -0.587625 -0.28251
-0.10723 -0.627682 -0.228951
-0.0303279 -0.621226 -0.216955
-0.260849 -0.595383 -0.240081
-0.289035 -0.585202 -0.242374
-0.0522715 -0.60829 -0.208008
-0.316804 -0.574118 -0.245001
-0.0128048 -0.603684 -0.202879
0.234292 -0.583843 -0.222675
0.133374 -0.590446 -0.20402
0.453954 -0.531406 -0.284784
-0.17133 -0.583159 -0.205915
0.0363565 -0.588167 -0.192078
-0.265374 -0.563913 -0.217965
0.219441 -0.565252 -0.204804
0.324722 -0.548548 -0.229513
0.50729 -0.499566 -0.297796
-0.192297 -0.56794 -0.199709
0.361509 -0.539949 -0.239891
-0.321014 -0.541825 -0.223227
0.0861073 -0.570448 -0.183192
0.29908 -0.543698 -0.215817
0.336809 -0.535595 -0.225599
-0.417034 -0.516223 -0.251938
0.372906 -0.526466 -0.235949
0.161415 -0.558907 -0.186631
0.310808 -0.53059 -0.211411
-0.24134 -0.541693 -0.194815
0.347373 -0.522609 -0.221404
-0.572612 -0.457125 -0.319447
0.000359049 -0.553271 -0.166999
-0.269206 -0.530961 -0.196502
0.284243 -0.52478 -0.197621
-0.297096 -0.520021 -0.19918
-0.461339 -0.48015 -0.253929
0.0822215 -0.537892 -0.161006
-0.324511 -0.508473 -0.202411
0.295921 -0.511945 -0.193561
0.157844 -0.527064 -0.164962
-0.0236881 -0.505382 -0.137429
-0.397194 -0.461504 -0.206746
0.292987 -0.479175 -0.172625
0.154746 -0.49401 -0.144425
0.470386 -0.439348 -0.234683
-0.256221 -0.4805 -0.161268
0.0575613 -0.492219 -0.131434
0.402108 -0.452435 -0.204003
-0.0447623 -0.491645 -0.130355
0.0260716 -0.489807 -0.128559
-0.284053 -0.469559 -0.164041
-0.144465 -0.482238 -0.135953
0.304038 -0.465504 -0.168816
0.165649 -0.481798 -0.139517
-0.211054 -0.474197 -0.145252
0.377624 -0.447991 -0.189627
-0.105866 -0.479496 -0.128865
0.551612 -0.401951 -0.269138
-0.239239 -0.463397 -0.146754
-0.066949 -0.476709 -0.123492
-0.408591 -0.434146 -0.197148
0.00443038 -0.475238 -0.120154
0.520774 -0.406448 -0.249271
0.314948 -0.451998 -0.165431
0.351618 -0.443259 -0.175448
0.387541 -0.433807 -0.186597
-0.193772 -0.456582 -0.131677
0.220013 -0.454201 -0.136695
0.288291 -0.446391 -0.152873
0.325478 -0.437652 -0.161832
-0.29468 -0.441053 -0.152276
-0.0169727 -0.460632 -0.112571
-0.156491 -0.454534 -0.123125
-0.499703 -0.397818 -0.23056
0.361942 -0.428704 -0.172225
0.465528 -0.406622 -0.213907
-0.222278 -0.446259 -0.133141
0.397851 -0.419914 -0.184287
0.230907 -0.441201 -0.132807
-0.563537 -0.373717 -0.263276
-0.459255 -0.401042 -0.207378
0.129647 -0.446835 -0.114828
0.0974115 -0.446328 -0.110448
0.507546 -0.388091 -0.230726
0.37222 -0.414955 -0.16978
-0.038139 -0.445237 -0.1054
0.0651831 -0.444691 -0.106691
-0.278158 -0.42389 -0.138057
-0.137609 -0.435896 -0.110586
0.172516 -0.434093 -0.115805
0.140179 -0.43442 -0.110265
-0.204233 -0.427722 -0.119465
-0.0987714 -0.433105 -0.104085
-0.516794 -0.373186 -0.229509
0.450961 -0.388041 -0.196223
-0.305107 -0.412236 -0.14153
0.0434711 -0.431076 -0.0987323
0.0114741 -0.42898 -0.0967589
0.183543 -0.420427 -0.111432
-0.232236 -0.416761 -0.12115
0.252817 -0.413578 -0.125336
-0.367227 -0.393916 -0.1574
-0.43568 -0.379766 -0.183936
-0.0558048 -0.420752 -0.0945423
0.0218166 -0.416168 -0.0909739
0.194817 -0.406915 -0.10755
0.263938 -0.399386 -0.122032
-0.287688 -0.394642 -0.127364
-0.148068 -0.407287 -0.0987823
-0.533295 -0.348032 -0.228981
-0.214688 -0.399214 -0.108632
0.435598 -0.368901 -0.178924
-0.109664 -0.404997 -0.0922826
-0.315778 -0.384002 -0.132344
-0.350411 -0.376893 -0.142583
-0.0704291 -0.402002 -0.0870737
0.205814 -0.393231 -0.103892
-0.24251 -0.387977 -0.110808
0.000906227 -0.400507 -0.0837067
0.274307 -0.385193 -0.118874
0.410873 -0.364312 -0.164261
0.478197 -0.350908 -0.194897
-0.45266 -0.354997 -0.182029
-0.270211 -0.377273 -0.114194
0.216633 -0.379292 -0.10044
0.385112 -0.359202 -0.149904
0.284836 -0.371586 -0.116376
-0.158424 -0.378566 -0.0880846
0.322049 -0.362844 -0.12557
-0.119742 -0.375822 -0.0810769
-0.510022 -0.326682 -0.204289
0.358555 -0.353917 -0.136182
0.227231 -0.365302 -0.0972703
-0.0807639 -0.373301 -0.075812
-0.469543 -0.330124 -0.18113
-0.187877 -0.368424 -0.0895242
0.46235 -0.331883 -0.177756
-0.00998651 -0.372373 -0.0719705
0.503856 -0.313517 -0.195117
-0.315721 -0.341543 -0.11475
0.275417 -0.344081 -0.102362
-0.527296 -0.303466 -0.206358
-0.270294 -0.342347 -0.100145
-0.0571952 -0.355207 -0.0669637
0.639029 -0.270394 -0.27991
-0.271317 -0.335034 -0.0977034
-0.412 -0.316511 -0.145555
-0.196876 -0.339467 -0.0802165
0.217273 -0.338066 -0.0843016
0.115772 -0.343453 -0.0679931
-0.0199955 -0.343282 -0.0609806
0.285927 -0.329132 -0.100045
-0.0952824 -0.340371 -0.0645487
-0.297899 -0.323726 -0.10197
-0.0579055 -0.338982 -0.060991
0.0513821 -0.339103 -0.0606552
0.323313 -0.321315 -0.10993
0.421107 -0.30782 -0.146821
0.0568767 -0.33609 -0.059889
-0.22463 -0.327749 -0.0823279
0.360129 -0.312079 -0.120845
-0.0805932 -0.330861 -0.0597681
0.126449 -0.32973 -0.0644315
0.228308 -0.323271 -0.0816476
0.395372 -0.302953 -0.132878
-0.0204692 -0.329396 -0.05603
0.094406 -0.328528 -0.0602358
-0.0666474 -0.325692 -0.0568761
-0.0395703 -0.326725 -0.0557092
-0.394208 -0.298008 -0.130638
0.252056 -0.313697 -0.0845427
-0.428663 -0.291558 -0.144873
-0.0604354 -0.321314 -0.0549579
-0.0721473 -0.316781 -0.0542494
-0.315082 -0.298546 -0.0991151
-0.104486 -0.312513 -0.0558506
0.275967 -0.30162 -0.0873841
0.503998 -0.271035 -0.179923
0.00665382 -0.310512 -0.0494538
-0.129517 -0.304716 -0.056404
0.412515 -0.280198 -0.133213
0.0209426 -0.305572 -0.0480615
-0.0582449 -0.304789 -0.0493627
-0.377151 -0.281497 -0.117664
-0.0190921 -0.300351 -0.0463623
-0.153477 -0.298926 -0.0581466
0.286338 -0.286722 -0.0857784
-0.157928 -0.293899 -0.0573007
-0.0726423 -0.297881 -0.048165
0.38684 -0.275308 -0.119909
-0.297397 -0.281596 -0.0877178
0.323731 -0.278243 -0.0956884
-0.11904 -0.291097 -0.0507412
-0.0797489 -0.288429 -0.0458254
-0.0430385 -0.288836 -0.0435893
0.35975 -0.269236 -0.10664
0.520259 -0.247413 -0.182615
-0.00879681 -0.287279 -0.0421933
0.228674 -0.28061 -0.0678162
-0.186784 -0.282768 -0.0591739
0.244124 -0.276993 -0.070657
-0.188072 -0.278489 -0.0581545
-0.50932 -0.241971 -0.174141
0.462915 -0.246978 -0.1487
-0.46859 -0.245017 -0.151242
-0.0690953 -0.274464 -0.0408882
-0.0268588 -0.276393 -0.0393306
0.0607687 -0.275058 -0.0404948
0.169285 -0.271298 -0.0525087
0.00183536 -0.273651 -0.0381728
0.207514 -0.266467 -0.0587598
-0.314452 -0.256414 -0.0860131
0.276078 -0.258087 -0.0741641
0.437844 -0.242159 -0.134176
-0.241298 -0.260523 -0.0651721
0.59635 -0.214074 -0.226347
-0.0963701 -0.263585 -0.0401897
-0.197611 -0.258778 -0.0544928
0.313681 -0.249884 -0.0839421
-0.0591011 -0.262256 -0.0368133
-0.268993 -0.250255 -0.0699382
0.411807 -0.237056 -0.120103
-0.221461 -0.250724 -0.0576135
0.185914 -0.251847 -0.0502585
-0.451385 -0.227469 -0.13715
0.083054 -0.254777 -0.0365733
0.479007 -0.223654 -0.151159
-0.0499326 -0.254072 -0.0341046
0.254853 -0.24407 -0.0643292
-0.601994 -0.200025 -0.226958
-0.117975 -0.248225 -0.0385084
0.144732 -0.247814 -0.0420642
0.136971 -0.244686 -0.0401209
-0.331449 -0.231878 -0.0854649
-0.372531 -0.226983 -0.100167
-0.258792 -0.235727 -0.063272
0.201423 -0.238161 -0.0498905
-0.365542 -0.22416 -0.0966001
-0.14599 -0.237818 -0.0397241
0.196696 -0.237078 -0.04863
0.164191 -0.237105 -0.0424915
0.54986 -0.200226 -0.189097
0.580322 -0.195512 -0.20943
0.609432 -0.190574 -0.230407
0.265566 -0.229558 -0.0636358
-0.400119 -0.216992 -0.109596
0.18828 -0.232806 -0.0458764
-0.107099 -0.234919 -0.0339033
0.428621 -0.213622 -0.122133
-0.286127 -0.225265 -0.0686639
-0.00680232 -0.235873 -0.0282398
-0.433778 -0.209547 -0.123686
0.460472 -0.208119 -0.137068
-0.15001 -0.229823 -0.038398
0.0355597 -0.231782 -0.0278825
0.303143 -0.220945 -0.0730223
-0.173547 -0.2261 -0.0414803
0.0034064 -0.229689 -0.0267419
0.494471 -0.200053 -0.154141
0.645621 -0.175939 -0.256886
0.175543 -0.222228 -0.0409384
0.402132 -0.208567 -0.10849
-0.135266 -0.223442 -0.0347143
-0.249378 -0.218559 -0.0565792
0.33974 -0.21217 -0.0837244
-0.185805 -0.220245 -0.042415
-0.172434 -0.220752 -0.0400338
0.143309 -0.221973 -0.0355361
0.299992 -0.21416 -0.0704087
-0.0960917 -0.221087 -0.0294915
0.110671 -0.220768 -0.0309728
-0.201525 -0.214985 -0.0444011
0.245219 -0.214984 -0.0546695
0.07842 -0.21997 -0.0276505
0.469892 -0.195071 -0.1391
-0.703416 -0.156684 -0.306706
0.0465814 -0.217889 -0.0251386
0.00362524 -0.217564 -0.0239606
-0.383019 -0.200077 -0.0981874
-0.0875777 -0.213154 -0.0269145
-0.45844 -0.188492 -0.131493
-0.416825 -0.193111 -0.111763
0.255351 -0.20555 -0.055254
0.444067 -0.190173 -0.124421
-0.0849035 -0.206808 -0.0253094
0.122091 -0.206155 -0.0291272
-0.190714 -0.201482 -0.0392539
-0.0146412 -0.2069 -0.0217475
0.0897245 -0.205265 -0.0254151
0.223732 -0.200295 -0.046152
0.509153 -0.176193 -0.157552
-0.337602 -0.192469 -0.0785985
0.541238 -0.171549 -0.176815
-0.607898 -0.16141 -0.222564
0.291955 -0.192221 -0.063083
0.128694 -0.19542 -0.0277609
-0.0506271 -0.196241 -0.0207522
0.484973 -0.171412 -0.142434
-0.218542 -0.190253 -0.0428985
0.391409 -0.179796 -0.0975187
-0.561528 -0.161205 -0.188397
-0.09537 -0.193344 -0.0235152
-0.0741296 -0.192889 -0.0215836
0.328572 -0.183476 -0.0735138
-0.270124 -0.187009 -0.0555104
-0.00336604 -0.192438 -0.0186967
0.664951 -0.14295 -0.266921
-0.439738 -0.170975 -0.118298
-0.295196 -0.181058 -0.0618758
0.202059 -0.185446 -0.0383441
-0.0670042 -0.187137 -0.019954
0.459362 -0.166441 -0.127484
-0.246666 -0.179941 -0.0477516
0.271569 -0.177389 -0.05407
-0.20782 -0.177197 -0.0380168
-0.354386 -0.168897 -0.0802805
-0.0629442 -0.179468 -0.018252
-0.0510988 -0.178191 -0.0173317
0.433884 -0.161393 -0.113605
0.00855296 -0.178182 -0.0160395
-0.388556 -0.160841 -0.0927217
0.584675 -0.142945 -0.201425
0.181015 -0.170452 -0.0314032
-0.235266 -0.165285 -0.0422261
0.345144 -0.159979 -0.0751854
0.407272 -0.156283 -0.100164
-0.308731 -0.161326 -0.0626318
0.498872 -0.14774 -0.14601
0.250231 -0.162737 -0.0455886
-0.196591 -0.163385 -0.0332233
-0.229115 -0.159687 -0.0397884
0.38039 -0.151244 -0.0876248
0.24302 -0.157134 -0.0427904
0.4744 -0.142704 -0.131334
0.159235 -0.155055 -0.0250117
-0.285857 -0.148588 -0.0533177
0.127394 -0.154159 -0.0202012
-0.412741 -0.139377 -0.0998785
-0.298521 -0.146748 -0.0569462
0.095123 -0.152753 -0.0163242
0.207651 -0.150291 -0.0334113
0.44885 -0.137737 -0.117072
0.228783 -0.147971 -0.0378342
0.422403 -0.132714 -0.10336
0.210422 -0.144403 -0.033113
-0.252502 -0.141323 -0.0427798
0.36084 -0.136418 -0.0774034
0.544401 -0.119342 -0.169708
0.575205 -0.114706 -0.190073
0.395711 -0.127331 -0.0904947
0.60457 -0.109879 -0.211063
0.20216 -0.13293 -0.0297108
0.207624 -0.132814 -0.0308495
-0.394175 -0.122954 -0.0892266
-0.241126 -0.12653 -0.0377897
0.275829 -0.124973 -0.0469521
-0.314647 -0.123293 -0.0588326
0.462975 -0.114003 -0.12099
-0.469005 -0.11122 -0.123835
-0.3487 -0.115059 -0.0698551
0.640085 -0.0952964 -0.237629
-0.309556 -0.116084 -0.0562312
-0.266849 -0.118309 -0.0435511
0.31254 -0.116146 -0.0572227
0.376336 -0.112743 -0.0804022
0.437095 -0.108751 -0.107183
0.185675 -0.117818 -0.0244778
0.153743 -0.116847 -0.0188222
-0.230434 -0.112848 -0.0334777
0.187308 -0.114872 -0.0244386
-0.383059 -0.107963 -0.0826072
-0.30325 -0.10832 -0.0532656
0.254489 -0.110191 -0.0392226
0.0566032 -0.113088 -0.00802858
-0.417263 -0.100596 -0.0967991
-0.167236 -0.108769 -0.0201013
0.29189 -0.101402 -0.0489386
-0.49288 -0.0907052 -0.134643
-0.219657 -0.0989319 -0.029452
0.509595 -0.0856488 -0.143859
-0.293115 -0.0943796 -0.0485926
0.267172 -0.0956098 -0.0411059
0.328223 -0.0925958 -0.0599492
0.391469 -0.0889121 -0.0841144
0.484583 -0.0803667 -0.128954
0.270678 -0.0863483 -0.0412104
-0.44037 -0.0795491 -0.105715
-0.609093 -0.0703079 -0.210024
0.0537129 -0.0878637 -0.00531669
-0.208745 -0.0849566 -0.025727
0.458876 -0.0753109 -0.114697
-0.562269 -0.0697058 -0.175989
0.307642 -0.0777534 -0.05168
0.179845 -0.0790584 -0.0194872
0.148002 -0.0780026 -0.0140938
0.432687 -0.0704527 -0.101213
-0.0919729 -0.0766471 -0.00719277
-0.236479 -0.0745087 -0.0312245
-0.645939 -0.0575349 -0.238782
-0.209305 -0.0722147 -0.0248197
-0.107726 -0.0732831 -0.00852398
0.151456 -0.0735841 -0.0142787
0.248909 -0.0715077 -0.0341164
-0.309074 -0.0695738 -0.0515103
-0.197528 -0.0715878 -0.0223201
0.0179484 -0.0734888 -0.00286548
-0.246332 -0.0705628 -0.0333866
0.0278624 -0.072778 -0.0030411
-0.40108 -0.0329562 -0.08455
-0.103052 -0.0347924 -0.00593268
0.0397998 -0.0359482 -0.00143918
0.110873 -0.0354416 -0.00679754
0.279909 -0.034299 -0.0405863
0.502754 -0.0310993 -0.13613
0.426841 -0.031548 -0.0962236
-0.277044 -0.0289745 -0.0395796
-0.476157 -0.0241201 -0.120971
0.399338 -0.0264815 -0.0835789
0.279711 -0.0242184 -0.0402214
-0.516814 -0.0209486 -0.144159
-0.00433209 -0.0239929 -0.000297256
-0.390691 -0.0207941 -0.079713
-0.311196 -0.0213409 -0.049894
0.548 -0.0187079 -0.163731
0.491574 -0.0181952 -0.129354
0.270297 -0.0191059 -0.0374127
0.189264 -0.0165185 -0.0182127
0.577801 -0.013873 -0.18394
-0.425319 -0.0139941 -0.0950649
0.315554 -0.0150334 -0.0512115
0.523924 -0.0135012 -0.148342
0.465609 -0.0132734 -0.115109
0.226446 -0.0078987 -0.0260084
0.473022 -0.00280941 -0.118954
0.447075 0.00196959 -0.105506
0.358597 0.00351994 -0.0665141
0.204678 0.00709728 -0.0211963
0.172848 0.0085896 -0.0150889
0.41988 0.00676556 -0.0924455
-0.623045 0.0124526 -0.217913
-0.576699 0.0129704 -0.183146
-0.205119 0.0158596 -0.0213915
0.242213 0.0161828 -0.0299119
-0.165631 0.0187373 -0.0139902
0.33726 0.0184883 -0.0587702
-0.277766 0.0203638 -0.039567
-0.293422 0.0200712 -0.0442277
0.399943 0.0220096 -0.0837241
0.279116 0.024723 -0.040061
-0.47801 0.0242014 -0.121979
0.517202 0.0248096 -0.144496
-0.518695 0.0273447 -0.145478
0.188441 0.032252 -0.0184452
-0.267249 0.0337602 -0.036964
-0.0449259 0.0364406 -0.00167453
0.315737 0.0333212 -0.0517386
0.491967 0.0300053 -0.129904
0.256622 0.0394806 -0.0342949
-0.425901 0.0351674 -0.095914
0.465984 0.0352979 -0.115911
0.109577 0.0407189 -0.00685607
0.22547 0.0441207 -0.0267494
-0.256107 0.0475525 -0.0345218
0.293265 0.0480635 -0.0451777
0.607593 0.0388715 -0.206703
0.271084 0.0493317 -0.0387093
-0.415241 0.0488861 -0.0916029
-0.548753 0.0446377 -0.165208
0.267922 0.0543178 -0.0380917
0.203303 0.0557648 -0.0224734
-0.29048 0.055177 -0.044711
-0.100336 0.0588874 -0.00679057
-0.05109 0.0601866 -0.00312118
-0.0934252 0.0675986 -0.00667117
-0.404547 0.0628133 -0.0876427
-0.167287 0.0672207 -0.016386
0.641328 0.0535776 -0.234606
-0.279572 0.0690063 -0.0423583
0.336045 0.0671639 -0.0605517
0.278388 0.0727857 -0.0422932
-0.577359 0.0617669 -0.18585
0.398697 0.0705483 -0.085635
-0.31392 0.0758707 -0.0535868
0.540333 0.0682241 -0.161319
0.186987 0.0807492 -0.020962
-0.478926 0.0731954 -0.125202
-0.393645 0.0766242 -0.0839367
0.057446 0.085492 -0.0053186
-0.268499 0.0823909 -0.0402501
0.515855 0.0733198 -0.146468
0.313911 0.0815937 -0.0540602
-0.348484 0.0833087 -0.0663947
0.490564 0.0782436 -0.132115
0.254846 0.0882561 -0.0370543
0.37746 0.0855564 -0.0779349
0.547105 0.0782348 -0.1666
-0.302328 0.0900458 -0.0510587
-0.0514667 0.0943832 -0.0057953
0.464248 0.0835594 -0.118245
0.253241 0.0933202 -0.0371082
-0.382289 0.0903908 -0.080389
-0.468293 0.0869377 -0.120714
-0.218362 0.0993827 -0.0292059
-0.337004 0.0971828 -0.063526
-0.179308 0.102159 -0.0215257
-0.416943 0.097096 -0.0962686
-0.140554 0.105011 -0.0155117
0.355943 0.100415 -0.0709029
0.16986 0.10552 -0.0201975
-0.0307977 0.108431 -0.0063732
0.0729217 0.109382 -0.00867869
0.249507 0.106679 -0.0375209
0.298035 0.106689 -0.051426
0.444523 0.0989199 -0.109711
-0.371068 0.104336 -0.0772742
-0.457682 0.100867 -0.116624
0.416604 0.103641 -0.0968393
0.238489 0.112885 -0.035438
-0.326238 0.110982 -0.0612497
0.0130595 0.121976 -0.00755281
0.333326 0.115146 -0.0642463
-0.241606 0.120445 -0.0371294
0.423333 0.113945 -0.10122
0.275169 0.12142 -0.0463024
-0.538475 0.107165 -0.164201
-0.360722 0.117971 -0.0748177
-0.0508563 0.12615 -0.00929328
0.395541 0.11846 -0.0892233
-0.314905 0.124635 -0.0590956
-0.63199 0.105715 -0.232268
-0.230136 0.134265 -0.0361481
-0.191909 0.137128 -0.0282147
0.40215 0.129205 -0.0935887
-0.152838 0.139908 -0.0217023
-0.265132 0.141385 -0.04621
0.317731 0.14029 -0.062255
0.228098 0.147253 -0.0375615
0.258484 0.14629 -0.0451257
-0.0707838 0.154745 -0.0145845
0.000148547 0.156113 -0.0122608
0.303123 0.148079 -0.0586238
0.380656 0.143969 -0.0865592
-0.424464 0.142369 -0.105818
-0.230633 0.152794 -0.0390304
0.493197 0.136601 -0.140875
-0.157592 0.157917 -0.0252041
-0.253917 0.155442 -0.0453463
0.46711 0.141616 -0.127215
-0.215121 0.157897 -0.0362618
-0.137101 0.163515 -0.0230323
0.54935 0.136033 -0.175555
0.173109 0.16384 -0.0288205
-0.098037 0.166764 -0.0188892
0.141837 0.165585 -0.0240574
0.205613 0.163786 -0.0351698
0.0758972 0.16758 -0.0170674
-0.288044 0.162441 -0.0562608
0.358376 0.158392 -0.0799574
-0.412998 0.156204 -0.102764
0.301112 0.165394 -0.0608639
0.473579 0.152135 -0.132488
0.654511 0.131051 -0.255392
-0.368646 0.162867 -0.0848092
-0.657297 0.132469 -0.258102
0.242023 0.172794 -0.0452396
-0.322676 0.169551 -0.0688004
-0.546374 0.15172 -0.176315
-0.282377 0.174206 -0.0566467
-0.238549 0.17885 -0.0454807
-0.276877 0.17683 -0.0555053
-0.402524 0.169779 -0.100473
-0.593941 0.151302 -0.209847
-0.356697 0.176847 -0.082671
0.425399 0.171653 -0.111422
-0.0822194 0.190486 -0.0217592
-0.0117914 0.191295 -0.0185383
-0.443579 0.173211 -0.120661
0.342239 0.183575 -0.0784943
-0.535929 0.165875 -0.172192
0.28422 0.190143 -0.0602848
-0.226896 0.193196 -0.0454353
-0.188223 0.195871 -0.0376038
0.589936 0.161021 -0.208768
0.192832 0.197297 -0.0388083
-0.149129 0.198818 -0.0313762
-0.0395175 0.20202 -0.0214162
0.127983 0.199787 -0.0285549
0.0636698 0.202395 -0.022768
0.431187 0.18266 -0.11642
-0.345986 0.190595 -0.0813231
0.403474 0.186652 -0.104249
-0.432512 0.187059 -0.11799
-0.261598 0.200015 -0.0557753
0.23021 0.20604 -0.0489212
0.0356557 0.213309 -0.0236662
0.409807 0.197194 -0.109398
-0.296454 0.206734 -0.0675965
-0.259126 0.212864 -0.0579051
0.253515 0.21294 -0.0563968
0.325255 0.208298 -0.0776001
-0.42067 0.200919 -0.115314
0.266243 0.21448 -0.0602593
-0.211788 0.21697 -0.0470729
-0.172846 0.219588 -0.0398409
-0.376285 0.207551 -0.0970424
0.167817 0.221078 -0.0392909
-0.330561 0.214188 -0.0808412
0.387512 0.211574 -0.102742
0.027234 0.23071 -0.0273588
0.180741 0.231996 -0.0442225
0.149128 0.233564 -0.0391625
0.214547 0.229694 -0.0506791
-0.410199 0.21472 -0.113641
0.0841318 0.236005 -0.0318969
0.116747 0.234514 -0.034923
-0.365058 0.221524 -0.0957545
-0.503083 0.207428 -0.161024
0.24286 0.234388 -0.0586812
-0.450754 0.217835 -0.134339
-0.157109 0.243342 -0.0428681
0.307586 0.232904 -0.077424
-0.196211 0.240608 -0.0494165
-0.0475211 0.246949 -0.0321374
0.218261 0.241143 -0.054372
-0.117792 0.245701 -0.0378379
-0.231823 0.241246 -0.0576315
0.0245355 0.249087 -0.0318298
0.15958 0.24671 -0.0441399
0.147113 0.248311 -0.0425559
-0.26962 0.244858 -0.0686839
0.130424 0.251604 -0.0409979
0.370723 0.23642 -0.101852
0.254365 0.249191 -0.0655472
-0.440068 0.231754 -0.132457
-0.0743924 0.258876 -0.0369584
-0.00377016 0.259838 -0.0343552
-0.589583 0.209574 -0.219954
-0.394904 0.238377 -0.112742
0.168712 0.256855 -0.0483901
0.509836 0.224243 -0.169469
-0.303465 0.251776 -0.0810234
0.376119 0.247147 -0.106998
-0.47997 0.234962 -0.154766
-0.180497 0.264291 -0.0525978
0.140507 0.266378 -0.0464275
-0.140804 0.267348 -0.0467427
0.104184 0.269713 -0.0427119
0.13604 0.268074 -0.0462551
0.167533 0.266699 -0.0508929
-0.383682 0.252436 -0.111707
-0.578296 0.22348 -0.215378
-0.338225 0.259002 -0.0952781
0.489378 0.239296 -0.161402
-0.0940179 0.274398 -0.0429908
0.462811 0.24432 -0.147877
-0.253723 0.268277 -0.0706711
0.353153 0.261078 -0.101601
-0.0984911 0.278898 -0.0447433
0.20502 0.275301 -0.0607577
0.295493 0.267604 -0.0829003
0.0763183 0.280329 -0.0431346
0.0444631 0.28243 -0.0417431
0.494718 0.249642 -0.167574
-0.288448 0.275457 -0.0829823
0.468231 0.254295 -0.153777
0.44046 0.259337 -0.140501
-0.0582791 0.289526 -0.0446057
0.359192 0.27141 -0.107074
-0.684846 0.213674 -0.303344
0.0164402 0.293463 -0.0441711
0.24221 0.284059 -0.0722906
-0.413175 0.269253 -0.130064
-0.32269 0.282792 -0.0967282
-0.238119 0.291969 -0.0736884
0.473381 0.264596 -0.159822
0.499482 0.260002 -0.173613
-0.121975 0.299985 -0.0538863
0.446304 0.269212 -0.146573
0.0109601 0.302595 -0.0469439
0.122541 0.299712 -0.053873
0.364418 0.282207 -0.112555
0.247567 0.294557 -0.0769905
0.529862 0.264553 -0.194235
0.554915 0.258765 -0.209361
0.478221 0.274924 -0.165901
0.503566 0.270226 -0.179391
-0.186726 0.309267 -0.0675369
0.128586 0.312781 -0.0589189
0.096971 0.314222 -0.0556161
0.284456 0.302687 -0.0903485
0.162075 0.31213 -0.0638874
0.0666998 0.316942 -0.0539034
-0.442451 0.286173 -0.150093
-0.0784116 0.31837 -0.055282
-0.307204 0.30626 -0.0989835
-0.183932 0.318371 -0.0700491
-0.144791 0.32108 -0.0640816
-0.222566 0.316138 -0.0777631
-0.0351531 0.324907 -0.0549075
0.559188 0.268459 -0.215629
-0.10494 0.324628 -0.0599979
0.068417 0.324868 -0.0567184
0.346195 0.305714 -0.113045
0.429173 0.29396 -0.145952
0.456862 0.289759 -0.158979
0.534259 0.274699 -0.200558
0.165934 0.32195 -0.067898
0.287976 0.311979 -0.0946055
-0.483005 0.289362 -0.173576
-0.386147 0.306781 -0.130072
0.00440184 0.332027 -0.0567405
-0.341412 0.313793 -0.114013
0.108018 0.333419 -0.0634297
0.0406404 0.336386 -0.0591532
0.0748264 0.334997 -0.0607566
0.202907 0.330555 -0.0782829
0.434346 0.30384 -0.152047
0.563599 0.278141 -0.222187
0.293531 0.32315 -0.100326
0.351621 0.316402 -0.118948
0.120482 0.335425 -0.0656691
0.119074 0.340435 -0.067302
-0.291602 0.329939 -0.102164
0.0129163 0.347214 -0.0623029
0.239127 0.338356 -0.0898716
0.356566 0.327035 -0.124838
-0.416045 0.32404 -0.15035
-0.241301 0.347074 -0.0937364
-0.124906 0.354573 -0.073352
-0.0134652 0.359027 -0.0667699
-0.456772 0.326917 -0.172664
-0.275405 0.353694 -0.106103
-0.50887 0.316498 -0.19945
-0.0815531 0.367152 -0.0734209
0.0936357 0.368317 -0.0750271
0.126528 0.367645 -0.0786813
0.421196 0.338464 -0.158551
-0.400671 0.347415 -0.152199
-0.355624 0.354179 -0.135079
-0.309749 0.361388 -0.120537
0.0976812 0.37835 -0.0795058
0.130377 0.377595 -0.0832536
0.162336 0.375611 -0.0875508
-0.0371968 0.380232 -0.0758569
0.194773 0.374709 -0.0935472
0.284482 0.366435 -0.114113
0.342672 0.359979 -0.132249
0.42568 0.348243 -0.164822
0.453443 0.343721 -0.177659
0.531194 0.328973 -0.219225
0.556276 0.322876 -0.234293
-0.221506 0.379967 -0.101913
-0.144051 0.385437 -0.0885795
0.0700538 0.390109 -0.0819001
-0.104057 0.389353 -0.0848081
0.167389 0.386272 -0.0929307
0.19892 0.384085 -0.098385
0.289741 0.376358 -0.119997
0.347609 0.369874 -0.138396
0.45781 0.353597 -0.184292
-0.256108 0.387169 -0.114275
0.04208 0.400727 -0.0847694
0.560388 0.332487 -0.241437
-0.385082 0.371144 -0.155036
0.204244 0.394885 -0.10426
0.352471 0.379929 -0.14477
0.43466 0.367824 -0.177944
0.462281 0.363193 -0.191058
-0.0568224 0.410557 -0.0899374
-0.289982 0.394273 -0.127957
-0.165289 0.407084 -0.101689
0.0147639 0.412402 -0.0891177
0.514313 0.353603 -0.218689
0.539689 0.347706 -0.233295
0.563823 0.341713 -0.248111
0.299651 0.397431 -0.132672
0.357295 0.389974 -0.151318
0.466266 0.372704 -0.197698
-0.162323 0.416224 -0.105344
0.0186769 0.422011 -0.0936018
-0.200979 0.413735 -0.112064
0.492918 0.368268 -0.211704
0.244571 0.412195 -0.122344
-0.36894 0.394756 -0.158542
0.361768 0.399791 -0.157806
-0.350163 0.429176 -0.167417
-0.0543936 0.45714 -0.11227
-0.0297294 0.457101 -0.111082
0.136528 0.453331 -0.119176
0.374695 0.429627 -0.178401
-0.491187 0.404895 -0.228771
-0.13743 0.46001 -0.122786
-0.214938 0.454744 -0.135703
-0.176607 0.457607 -0.128561
0.139829 0.46177 -0.124091
-0.0268753 0.465557 -0.11539
0.0988045 0.463513 -0.119436
-0.682586 0.343708 -0.355064
0.263553 0.453458 -0.14858
-0.0329029 0.471747 -0.11888
0.0402336 0.47135 -0.118972
-0.0231976 0.474627 -0.120118
0.378453 0.43919 -0.185208
0.112384 0.472906 -0.126084
0.144489 0.471466 -0.130033
-0.249128 0.461815 -0.148729
-0.378411 0.446029 -0.188912
0.326386 0.456761 -0.172449
0.0843628 0.483893 -0.128949
0.117152 0.482842 -0.132164
0.382323 0.448787 -0.192275
0.149357 0.481502 -0.136375
-0.329804 0.462709 -0.177121
0.272357 0.47231 -0.161701
0.0894154 0.493971 -0.135132
0.122036 0.493437 -0.138822
0.154134 0.491481 -0.14286
-0.279213 0.478993 -0.167771
-0.0584061 0.496567 -0.133969
0.276586 0.482007 -0.168634
0.0941608 0.504249 -0.141591
0.126628 0.503456 -0.145308
0.158676 0.501235 -0.149362
0.418423 0.463265 -0.218778
-0.0371568 0.514794 -0.143492
0.0987835 0.514358 -0.148133
-0.185596 0.507956 -0.158849
-0.146747 0.511569 -0.153382
0.16347 0.511204 -0.15623
-0.308244 0.495747 -0.188076
0.421636 0.472844 -0.226281
-0.0325883 0.524959 -0.149497
-0.142502 0.520407 -0.158056
-0.399546 0.48274 -0.220689
0.070562 0.524547 -0.151547
0.103484 0.52438 -0.154827
-0.219907 0.514836 -0.171396
0.135767 0.52294 -0.158513
0.167847 0.520824 -0.162999
0.527039 0.452976 -0.280943
-0.0994827 0.532116 -0.159193
-0.0282862 0.535382 -0.155864
0.0752252 0.534288 -0.158051
0.140202 0.532349 -0.165166
0.10789 0.533713 -0.161245
-0.216466 0.525081 -0.176937
0.171728 0.530242 -0.169727
-0.0944733 0.542496 -0.165271
0.0798821 0.544306 -0.164925
0.112359 0.543388 -0.168072
-0.249549 0.531943 -0.190827
0.37887 0.509304 -0.227299
0.267858 0.533041 -0.197429
-0.090307 0.552652 -0.171495
0.0840361 0.553497 -0.171399
0.116717 0.552613 -0.174775
0.148717 0.55116 -0.178961
-0.245896 0.542027 -0.196419
0.271632 0.541983 -0.20472
-0.329435 0.532676 -0.22043
-0.0857723 0.562893 -0.177932
0.152563 0.560579 -0.186074
-0.375195 0.526113 -0.236826
-0.419768 0.519971 -0.256075
-0.0814211 0.572294 -0.184004
0.124734 0.571578 -0.188988
-0.274537 0.558966 -0.217576
0.443468 0.527857 -0.275636
0.365441 0.550414 -0.249335
0.470287 0.523205 -0.289306
0.368089 0.559062 -0.25706
0.00406206 0.60351 -0.202655
-0.450714 0.542069 -0.290762
0.00848481 0.612385 -0.209486
-0.344145 0.578348 -0.260352
-0.0578097 0.621168 -0.218457
0.0503083 0.631216 -0.226026
-0.336059 0.5989 -0.2731
0.179598 0.626551 -0.241595
0.0538068 0.640011 -0.23352
0.0871192 0.640175 -0.236726
0.151683 0.637353 -0.244505
0.18267 0.634715 -0.249155
-0.00714035 0.659837 -0.248626
-0.0782787 0.658069 -0.251123
0.0343219 0.677953 -0.265696
0.492781 0.59279 -0.363002
-0.116447 0.677061 -0.273344
-0.407314 0.624571 -0.333662
-0.102955 0.683744 -0.277577
0.285385 0.662379 -0.307318
0.167781 0.681517 -0.287691
-0.402612 0.63461 -0.340323
-0.398253 0.644709 -0.347508
-0.393162 0.65338 -0.35307
0.0136475 0.713034 -0.299003
