36.9 0 0 4.83429e-15 78.95 0 4.83429e-15 4.83429e-15 78.95
-0.186983 -0.731415 -0.344203
-0.281068 -0.712107 -0.356646
-0.0822441 -0.736993 -0.329122
0.278947 -0.703124 -0.345931
0.140746 -0.717526 -0.317836
0.332726 -0.676071 -0.342565
-0.223307 -0.697881 -0.319488
-0.0201306 -0.712395 -0.29851
-0.111825 -0.699463 -0.294134
0.244618 -0.675092 -0.304003
0.067959 -0.692845 -0.282123
0.175295 -0.682311 -0.290265
0.408025 -0.622212 -0.331892
0.117285 -0.676207 -0.272684
-0.0879878 -0.677807 -0.270044
0.0852755 -0.67557 -0.267652
-0.049379 -0.675194 -0.264014
0.0531207 -0.674765 -0.263882
-0.214429 -0.657689 -0.277875
0.0208089 -0.673097 -0.260739
0.102835 -0.657887 -0.253937
-0.169586 -0.651476 -0.260527
0.0382101 -0.655964 -0.246176
0.178153 -0.646528 -0.258203
0.362797 -0.608426 -0.29417
-0.190868 -0.636595 -0.252794
0.0232513 -0.636846 -0.22936
-0.408809 -0.580704 -0.29597
-0.145578 -0.629626 -0.236863
-0.212113 -0.62139 -0.245757
-0.374515 -0.587796 -0.282899
-0.166951 -0.61487 -0.229245
-0.0303812 -0.621328 -0.217038
0.0728679 -0.620203 -0.218951
0.0406164 -0.619387 -0.215966
0.433172 -0.558576 -0.292643
-0.261226 -0.595771 -0.240515
-0.289959 -0.585619 -0.24305
-0.0128561 -0.603627 -0.202837
0.235087 -0.584146 -0.223143
-0.344587 -0.562785 -0.248646
0.455035 -0.531361 -0.285438
-0.104648 -0.590621 -0.199865
-0.237506 -0.574304 -0.216568
0.350535 -0.55344 -0.244467
0.325698 -0.548952 -0.230213
0.362454 -0.540133 -0.240471
-0.192441 -0.567865 -0.19969
0.219843 -0.56516 -0.20485
0.118343 -0.571385 -0.187896
0.0862664 -0.570485 -0.183235
0.299608 -0.543725 -0.216037
0.0541453 -0.569244 -0.179616
0.373354 -0.52655 -0.236225
0.161975 -0.55954 -0.187178
-0.348626 -0.530181 -0.227104
-0.241494 -0.54175 -0.194899
0.204787 -0.546264 -0.187807
0.285018 -0.525292 -0.198231
-0.19643 -0.535339 -0.178521
-0.0909784 -0.540997 -0.163911
0.114567 -0.539101 -0.165588
-0.324914 -0.508668 -0.2027
0.157373 -0.527841 -0.165364
-0.386616 -0.490163 -0.218803
-0.228381 -0.491067 -0.159348
-0.397904 -0.46162 -0.20717
0.154897 -0.494037 -0.144468
0.293041 -0.479522 -0.172845
0.403204 -0.452594 -0.204648
-0.0450542 -0.491933 -0.130534
0.266274 -0.473599 -0.160475
0.0259387 -0.489802 -0.128552
-0.284521 -0.46972 -0.16429
-0.144733 -0.482269 -0.136016
0.304044 -0.466063 -0.169131
-0.211232 -0.473879 -0.14512
-0.106422 -0.480184 -0.129312
0.479848 -0.424744 -0.232316
-0.311893 -0.4583 -0.167724
-0.48283 -0.422023 -0.232685
0.552494 -0.401728 -0.269682
0.412867 -0.438414 -0.201668
-0.0671431 -0.476541 -0.123416
0.209143 -0.467714 -0.14122
0.277411 -0.459617 -0.15632
-0.240405 -0.463494 -0.147135
0.521062 -0.406304 -0.249393
0.00381184 -0.475611 -0.120353
-0.408203 -0.432897 -0.196277
0.388307 -0.4338 -0.186959
-0.193778 -0.456117 -0.131434
0.219876 -0.454744 -0.136946
0.288347 -0.446002 -0.152688
-0.0881721 -0.462058 -0.117544
0.32603 -0.437966 -0.162211
-0.0175542 -0.461121 -0.112837
0.0865121 -0.459541 -0.116067
-0.500178 -0.397794 -0.230856
0.362659 -0.429012 -0.172699
0.466265 -0.406457 -0.214258
0.398099 -0.419735 -0.184317
-0.322387 -0.429498 -0.156437
0.299252 -0.432358 -0.149403
0.129656 -0.447292 -0.11506
0.0967951 -0.447 -0.110719
0.336414 -0.423658 -0.158965
0.507847 -0.38809 -0.230924
0.37258 -0.414732 -0.16983
-0.0382639 -0.445253 -0.105413
0.0648061 -0.445372 -0.107003
0.0329267 -0.443564 -0.104363
-0.137845 -0.436157 -0.11075
0.17278 -0.434012 -0.115816
-0.278635 -0.42377 -0.138153
0.139423 -0.434314 -0.110094
-0.0991502 -0.433484 -0.10431
-0.204485 -0.427821 -0.119571
0.346706 -0.409873 -0.156318
-0.517233 -0.373189 -0.229806
0.451644 -0.3878 -0.19649
-0.305407 -0.412301 -0.141668
-0.0599635 -0.430356 -0.0993348
0.0117286 -0.428802 -0.0966777
0.18378 -0.420766 -0.111641
0.62226 -0.335587 -0.29277
-0.333278 -0.401263 -0.146822
-0.367382 -0.393971 -0.157494
-0.435701 -0.379436 -0.183794
-0.187018 -0.410248 -0.107408
0.194555 -0.407521 -0.107769
0.263813 -0.399947 -0.12225
-0.148837 -0.407735 -0.0991115
-0.288057 -0.39463 -0.12748
-0.533664 -0.347926 -0.229189
-0.214691 -0.398845 -0.108467
0.435953 -0.368845 -0.179087
0.501371 -0.354787 -0.210853
-0.110189 -0.405175 -0.0924256
-0.315794 -0.384361 -0.132509
-0.0704159 -0.401579 -0.0868868
0.205644 -0.393838 -0.104119
-0.24278 -0.388115 -0.110942
0.000508056 -0.400874 -0.0838668
0.274788 -0.385333 -0.119086
0.411118 -0.364207 -0.164336
0.478706 -0.351322 -0.19538
-0.453048 -0.35503 -0.182259
-0.0632307 -0.395268 -0.0836131
-0.270282 -0.376738 -0.113989
0.216836 -0.3796 -0.100619
0.285015 -0.371338 -0.116329
-0.0202132 -0.385125 -0.0773571
0.322698 -0.363003 -0.125875
-0.158483 -0.378278 -0.0879756
0.359282 -0.354167 -0.136587
-0.120262 -0.375967 -0.0812041
-0.0808997 -0.372858 -0.0756451
0.227528 -0.365366 -0.0973712
0.462968 -0.331737 -0.178044
-0.469762 -0.330029 -0.181218
-0.0108573 -0.372828 -0.0721629
-0.360527 -0.347649 -0.13446
-0.253061 -0.359561 -0.101849
0.20825 -0.363207 -0.0918631
0.332258 -0.348629 -0.123608
0.136693 -0.35815 -0.0763963
0.238008 -0.35155 -0.0945913
0.104881 -0.356965 -0.0717886
0.0028006 -0.358477 -0.0664657
0.0730719 -0.356142 -0.0684297
0.275253 -0.344279 -0.102388
-0.5273 -0.301887 -0.205759
-0.168945 -0.349922 -0.0785815
0.639371 -0.269978 -0.280058
-0.377256 -0.32262 -0.131902
-0.271891 -0.334849 -0.0978073
-0.41164 -0.315493 -0.145005
-0.196767 -0.338754 -0.0799303
0.115753 -0.343145 -0.0678774
-0.0205545 -0.343434 -0.0610483
0.286418 -0.329373 -0.10029
0.0835153 -0.342134 -0.0640674
-0.297673 -0.323082 -0.101663
0.323149 -0.321307 -0.109867
0.4213 -0.30758 -0.146829
-0.224553 -0.32743 -0.082195
0.487539 -0.293876 -0.177843
0.360128 -0.312244 -0.120903
-0.0809198 -0.331027 -0.0598547
0.126653 -0.329378 -0.0643348
0.228183 -0.323793 -0.0818005
0.0944777 -0.32827 -0.0601529
0.395603 -0.302713 -0.1329
-0.252536 -0.317284 -0.0859121
-0.0113786 -0.328941 -0.055718
-0.359871 -0.30504 -0.118272
-0.394152 -0.297798 -0.13054
-0.428685 -0.291116 -0.144734
-0.0736466 -0.321073 -0.0558134
-0.0579815 -0.321615 -0.0549065
0.238673 -0.309105 -0.0794082
0.105521 -0.314548 -0.0566418
0.504708 -0.270905 -0.180317
-0.115493 -0.309539 -0.056153
-0.129614 -0.305109 -0.0565442
-0.0583789 -0.304592 -0.0493079
0.117563 -0.304332 -0.0547164
0.144799 -0.301849 -0.0577046
-0.376818 -0.280355 -0.117158
-0.196357 -0.297147 -0.0655763
-0.0911042 -0.301821 -0.0509982
0.116295 -0.30094 -0.0534746
0.226777 -0.295151 -0.0718524
-0.0194891 -0.300816 -0.0465169
-0.272776 -0.28958 -0.0825379
-0.0138115 -0.300838 -0.0464247
0.286472 -0.286617 -0.0857877
-0.158553 -0.294006 -0.0574389
-0.297558 -0.281232 -0.087658
0.323927 -0.278271 -0.0957673
-0.0797773 -0.287946 -0.045682
-0.00915821 -0.287469 -0.0422538
0.360031 -0.269296 -0.106772
0.520578 -0.247162 -0.182743
0.228476 -0.280401 -0.0677049
-0.549638 -0.237995 -0.199215
-0.251995 -0.273799 -0.071812
-0.509678 -0.241719 -0.174288
-0.39399 -0.256428 -0.117381
0.463255 -0.246904 -0.148864
-0.468716 -0.244855 -0.151265
-0.0696944 -0.274645 -0.0409835
0.00137843 -0.274145 -0.0383126
0.20742 -0.266555 -0.0587639
-0.183195 -0.267697 -0.054073
-0.0637313 -0.271469 -0.0396653
-0.314191 -0.255868 -0.0857703
-0.0497103 -0.270218 -0.0384849
0.202338 -0.265203 -0.057277
0.276375 -0.258141 -0.0742678
0.438143 -0.242059 -0.134299
-0.241919 -0.260436 -0.0653085
0.313617 -0.249919 -0.0839296
-0.058974 -0.261004 -0.0364655
-0.269107 -0.249876 -0.0698691
0.412303 -0.237038 -0.12033
0.185959 -0.251828 -0.0502622
-0.451523 -0.227313 -0.137181
0.479336 -0.223457 -0.151292
0.047794 -0.250808 -0.0331436
-0.602278 -0.199853 -0.227135
0.158711 -0.246368 -0.0439071
-0.331242 -0.231277 -0.0852379
0.19678 -0.236921 -0.0486082
-0.145875 -0.237096 -0.0395282
-0.366168 -0.224078 -0.0968333
0.580696 -0.195247 -0.209639
0.549864 -0.199788 -0.188992
0.609633 -0.19008 -0.230444
0.265664 -0.229248 -0.0635875
-0.400504 -0.216741 -0.109708
-0.107055 -0.234893 -0.0338922
0.170367 -0.233152 -0.0425998
-0.285852 -0.224487 -0.0683915
-0.213092 -0.228911 -0.0501624
-0.433767 -0.209343 -0.123632
0.035086 -0.23208 -0.0279362
0.30335 -0.220988 -0.0731004
-0.0696192 -0.229626 -0.0292141
0.494848 -0.199977 -0.154343
0.645761 -0.175679 -0.256946
0.175602 -0.222053 -0.0409087
0.402526 -0.208423 -0.108634
-0.135731 -0.223552 -0.0348049
0.340009 -0.21214 -0.0838174
0.143156 -0.221917 -0.0355006
-0.0960761 -0.220531 -0.0293633
-0.348284 -0.207508 -0.0858675
0.110607 -0.2208 -0.0309729
0.244889 -0.215127 -0.0546167
-0.201585 -0.215037 -0.0444256
0.078394 -0.22007 -0.0276711
0.469936 -0.194871 -0.139079
-0.703456 -0.156676 -0.306745
0.0467376 -0.217783 -0.0251225
0.375445 -0.203139 -0.0956906
-0.382707 -0.19959 -0.0979473
-0.416817 -0.192944 -0.111723
-0.156368 -0.209456 -0.0347657
-0.45882 -0.188127 -0.131615
-0.228948 -0.205097 -0.0484129
-0.0390631 -0.211592 -0.0234228
0.443948 -0.190021 -0.124327
0.122167 -0.206123 -0.02913
-0.0853158 -0.206897 -0.0253642
0.0897403 -0.205002 -0.0253612
0.223434 -0.200645 -0.0461558
-0.012722 -0.205313 -0.0213864
0.270651 -0.198464 -0.0580021
0.509291 -0.176152 -0.157626
-0.608378 -0.161239 -0.222904
-0.337981 -0.192218 -0.0786851
0.541338 -0.171223 -0.176814
0.292029 -0.192046 -0.0630702
-0.164347 -0.195928 -0.0332517
-0.219103 -0.19038 -0.043052
0.328674 -0.183292 -0.0735131
0.391663 -0.17973 -0.0976159
0.485168 -0.171212 -0.142505
-0.561776 -0.160684 -0.188466
-0.0743478 -0.193048 -0.0216316
-0.0041617 -0.192827 -0.0187761
-0.439838 -0.170884 -0.11833
0.201967 -0.185634 -0.0383612
0.664885 -0.142391 -0.266752
-0.129162 -0.185755 -0.02593
-0.246604 -0.180012 -0.0477488
0.209165 -0.181562 -0.0391228
0.271757 -0.177538 -0.0541522
-0.235143 -0.177107 -0.0443112
-0.354478 -0.168253 -0.0801976
-0.207276 -0.17592 -0.037665
-0.0629722 -0.179094 -0.0181854
0.106274 -0.179622 -0.0220216
-0.283657 -0.171704 -0.0565721
0.00837599 -0.17791 -0.0159889
0.433602 -0.161267 -0.113443
0.30852 -0.16877 -0.063874
0.0219616 -0.176107 -0.0158739
-0.388255 -0.160351 -0.0925058
0.585006 -0.142903 -0.20166
0.180994 -0.170485 -0.0314051
-0.235413 -0.165347 -0.042273
0.407558 -0.156126 -0.100266
0.345351 -0.159964 -0.0752598
-0.422749 -0.154206 -0.106969
-0.308663 -0.160883 -0.0625332
0.49938 -0.14769 -0.146298
-0.196574 -0.164701 -0.0334431
0.250286 -0.162834 -0.0456195
0.380522 -0.15103 -0.0876445
0.242815 -0.157148 -0.0427407
0.474652 -0.142502 -0.131439
-0.0613818 -0.159662 -0.0147384
0.159407 -0.154917 -0.0250178
0.127037 -0.154093 -0.0201445
-0.298487 -0.146594 -0.0569117
0.207167 -0.150497 -0.0333396
0.0951841 -0.153083 -0.0163814
0.449106 -0.137549 -0.117173
-0.41235 -0.139054 -0.0996491
0.228737 -0.148153 -0.0378513
0.422602 -0.132585 -0.103435
-0.210726 -0.14564 -0.0333649
0.210564 -0.144262 -0.033123
-0.445469 -0.131943 -0.114479
-0.252547 -0.14119 -0.042772
0.36088 -0.136393 -0.0774153
-0.254378 -0.137356 -0.042699
0.544683 -0.119064 -0.169853
0.575328 -0.114322 -0.190106
-0.360358 -0.129856 -0.0762686
0.395762 -0.127328 -0.0905165
0.604807 -0.10966 -0.211214
0.207694 -0.132854 -0.0308699
-0.00572537 -0.134325 -0.00907918
-0.241084 -0.126471 -0.0377716
0.275857 -0.124864 -0.0469459
-0.314934 -0.12301 -0.0588915
0.463084 -0.113862 -0.12103
-0.468788 -0.110909 -0.12368
0.0134142 -0.125688 -0.00802091
0.312661 -0.11606 -0.0572523
-0.348772 -0.11502 -0.069877
-0.197474 -0.121273 -0.0272221
0.640332 -0.0950674 -0.237808
-0.0643839 -0.121339 -0.00947912
0.185726 -0.117654 -0.0244676
0.309068 -0.115452 -0.0559936
0.436992 -0.108606 -0.107116
0.153839 -0.11686 -0.0188388
-0.230669 -0.112763 -0.0335238
-0.38314 -0.107811 -0.0826231
0.0565848 -0.112997 -0.00801718
0.254578 -0.109992 -0.0392232
-0.303333 -0.108285 -0.0532881
-0.417106 -0.100391 -0.0967038
0.291999 -0.10132 -0.0489633
-0.25886 -0.102537 -0.0395429
-0.492842 -0.0905476 -0.134605
-0.219693 -0.0986348 -0.02943
0.509771 -0.0855565 -0.143955
0.328318 -0.0925284 -0.0599758
0.391608 -0.0888359 -0.0841662
0.0480566 -0.0954503 -0.00572649
0.540717 -0.0805621 -0.162662
-0.0616609 -0.0937204 -0.00631272
-0.246624 -0.0883048 -0.0349202
0.270816 -0.0863251 -0.0412473
0.48443 -0.0801459 -0.128849
-0.440409 -0.0793963 -0.10572
-0.608986 -0.0700172 -0.209915
-0.209118 -0.0849496 -0.0258063
-0.562389 -0.0694999 -0.176053
0.45897 -0.0752471 -0.11474
0.307758 -0.0777384 -0.0517165
0.179953 -0.078958 -0.0194988
0.432911 -0.0702137 -0.101302
-0.236326 -0.0746862 -0.0312007
-0.0919737 -0.0766368 -0.00719205
-0.646119 -0.057206 -0.23891
0.034781 -0.0748438 -0.00341147
0.248996 -0.0714568 -0.0341353
-0.197533 -0.0714933 -0.0223143
0.227569 -0.0714939 -0.0288662
0.0208898 -0.0727904 -0.00287153
-0.401042 -0.0329568 -0.0845332
-0.00504672 -0.0359762 -0.000660097
0.0971429 -0.0354754 -0.005362
0.21194 -0.03422 -0.0233167
0.502838 -0.0310976 -0.136179
0.426882 -0.0313742 -0.0962372
0.33692 -0.0301137 -0.0589484
-0.277084 -0.0288348 -0.039587
0.399197 -0.026568 -0.0835198
-0.476181 -0.0238961 -0.120977
-0.516922 -0.0207362 -0.144219
-0.390953 -0.0205851 -0.0798194
-0.311379 -0.0211761 -0.0499501
0.548024 -0.0185756 -0.163744
0.491418 -0.0180597 -0.129263
0.270228 -0.0188849 -0.0373888
0.18924 -0.0166904 -0.018211
0.232118 -0.015561 -0.0274369
0.157394 -0.0152909 -0.0125826
0.315685 -0.0151799 -0.0512573
0.523961 -0.0134082 -0.148363
0.465786 -0.0130951 -0.1152
0.226794 -0.00771854 -0.0260879
0.472888 -0.00264336 -0.118882
0.447006 0.00203169 -0.105472
0.358582 0.00360224 -0.0665088
0.204733 0.00703555 -0.0212075
0.419862 0.00699227 -0.092439
0.172832 0.00865731 -0.0150867
-0.576733 0.0132666 -0.183175
-0.622963 0.012862 -0.217854
-0.277754 0.0204345 -0.039565
-0.165647 0.0187562 -0.0139933
0.337278 0.0186096 -0.058779
0.399921 0.0220395 -0.0837155
0.279029 0.02475 -0.0400364
-0.275481 0.0249855 -0.0390184
-0.477944 0.0244786 -0.121951
0.516952 0.024814 -0.144345
0.188475 0.032307 -0.0184535
-0.0449264 0.0367968 -0.00168762
0.0334816 0.0342407 -0.00114738
0.315646 0.0333467 -0.0517093
0.49189 0.0303404 -0.129871
-0.267261 0.0337816 -0.0369681
0.548384 0.0300847 -0.164315
-0.139517 0.0382599 -0.0105197
-0.425823 0.0353524 -0.0958845
0.465934 0.0353411 -0.115887
0.256659 0.0396244 -0.0343104
-0.256201 0.0478303 -0.0345606
0.293193 0.0481214 -0.0451585
0.607459 0.0394042 -0.206627
0.230365 0.049901 -0.0281759
-0.415196 0.0490745 -0.0915927
0.0601225 0.0527777 -0.00320523
-0.548754 0.0449517 -0.165226
0.203212 0.0557678 -0.0224547
0.0934406 0.0559981 -0.00595118
-0.290453 0.0552727 -0.0447085
-0.070945 0.0592453 -0.00428076
-0.100291 0.0590135 -0.00679352
-0.0249369 0.0664983 -0.00252512
-0.404312 0.0628549 -0.0875411
-0.167272 0.0671015 -0.0163754
-0.279702 0.0689958 -0.0423955
0.335899 0.0670824 -0.0604937
-0.577328 0.0621114 -0.185853
0.398631 0.0706446 -0.0856133
-0.313919 0.075939 -0.0535921
0.540441 0.0685107 -0.161412
0.186856 0.0805984 -0.0209246
-0.479054 0.0734002 -0.125289
-0.393474 0.0767518 -0.0838738
0.696323 0.0593673 -0.284731
0.0571766 0.0855199 -0.00530549
-0.268325 0.082644 -0.040223
0.313899 0.0816836 -0.0540639
0.515648 0.0734138 -0.146351
-0.348284 0.0831471 -0.0663058
-0.229521 0.0854505 -0.0304546
0.490368 0.0785314 -0.13203
0.25516 0.0881935 -0.0371318
0.546927 0.078398 -0.166499
-0.30233 0.0901437 -0.0510687
0.464213 0.0837986 -0.118249
-0.468126 0.0870949 -0.120641
-0.382306 0.0905531 -0.0804117
-0.218643 0.0992948 -0.0292601
0.260254 0.0986232 -0.0395099
-0.337067 0.0973394 -0.0635648
-0.179253 0.102233 -0.0215232
0.496309 0.0893619 -0.136466
-0.357968 0.0979652 -0.0714194
0.355662 0.100417 -0.0707957
-0.416967 0.0974015 -0.0963122
-0.030798 0.108797 -0.00641323
0.169719 0.105536 -0.0201746
0.105612 0.107905 -0.0114644
0.249534 0.106718 -0.0375324
0.444374 0.0989635 -0.109641
0.297991 0.107012 -0.0514487
-0.371006 0.10449 -0.077267
-0.457625 0.101016 -0.116612
0.416439 0.103869 -0.096789
0.238398 0.112907 -0.0354181
-0.32633 0.111008 -0.061285
-0.0604533 0.11912 -0.00896222
-0.498546 0.104314 -0.139436
-0.196126 0.11899 -0.0266677
-0.27986 0.117577 -0.0471864
0.0136328 0.122069 -0.00757197
0.333197 0.115199 -0.0642067
-0.241466 0.120485 -0.0370995
0.275156 0.121614 -0.0463233
0.423256 0.114163 -0.101211
-0.36037 0.117924 -0.0746743
0.255137 0.122133 -0.0408395
-0.538302 0.107456 -0.164127
-0.246395 0.123351 -0.0387124
0.395462 0.118623 -0.0892102
-0.31484 0.124776 -0.0590926
0.28095 0.130645 -0.0492114
-0.631819 0.106142 -0.232186
-0.230682 0.134811 -0.036355
-0.191808 0.137089 -0.0281891
0.21657 0.136305 -0.0332952
-0.152819 0.139915 -0.0217004
0.190462 0.139399 -0.0282531
0.402003 0.129254 -0.0935304
-0.435663 0.128882 -0.109165
-0.151898 0.143749 -0.022113
-0.265003 0.141466 -0.0461863
0.317504 0.140182 -0.062162
0.258468 0.146415 -0.0451404
-0.0705315 0.154932 -0.0145958
0.000221854 0.156168 -0.0122695
0.380573 0.143984 -0.0865272
-0.424332 0.142341 -0.105751
0.466925 0.141813 -0.127148
-0.215022 0.158044 -0.0362639
0.549466 0.136336 -0.175683
-0.137509 0.163242 -0.0230438
0.172936 0.163907 -0.0288009
-0.0979833 0.166663 -0.0188666
0.108672 0.166475 -0.019961
0.141146 0.165441 -0.0239328
0.205538 0.163079 -0.035034
0.0763147 0.167877 -0.0171503
-0.288311 0.16254 -0.0563595
0.358172 0.158495 -0.0798954
0.203657 0.166271 -0.03518
-0.412991 0.156388 -0.102792
0.473325 0.152118 -0.132346
0.301187 0.165378 -0.0608853
0.133102 0.172093 -0.0239529
-0.368409 0.162956 -0.0847295
-0.657339 0.132898 -0.258216
0.210507 0.172472 -0.0377421
-0.322477 0.169637 -0.0687473
-0.546177 0.152111 -0.176257
-0.238439 0.178997 -0.0454806
-0.593567 0.151413 -0.209587
0.425189 0.171822 -0.111354
-0.0822675 0.190427 -0.0217518
-0.0116259 0.191588 -0.0185934
-0.443618 0.173349 -0.120709
-0.050614 0.192754 -0.0200592
0.341983 0.183501 -0.0783844
0.283917 0.189929 -0.0601499
-0.535765 0.166056 -0.172122
-0.195927 0.195086 -0.038983
-0.188161 0.196088 -0.0376358
0.589735 0.161077 -0.20863
0.128497 0.199792 -0.0286237
-0.149142 0.19884 -0.0313828
0.161294 0.199075 -0.0333805
0.193172 0.197408 -0.0388991
0.0640392 0.202771 -0.02287
0.431056 0.182516 -0.116327
-0.346094 0.190822 -0.0814107
0.403344 0.186738 -0.104209
-0.432113 0.187219 -0.117828
-0.261967 0.200189 -0.0559143
0.229977 0.206027 -0.0488622
-0.0662635 0.214544 -0.0255361
-0.296257 0.206938 -0.0675791
0.409807 0.197311 -0.109423
0.325065 0.2083 -0.0775338
-0.420989 0.201146 -0.115518
-0.172687 0.219822 -0.0398658
0.266218 0.214615 -0.0602826
-0.376197 0.207729 -0.0970469
-0.330414 0.21439 -0.0808355
0.387183 0.211645 -0.102617
-0.0592097 0.233089 -0.0293487
0.272377 0.225026 -0.0644924
-0.0907673 0.234383 -0.0321024
0.180447 0.232022 -0.0441733
0.0839459 0.235787 -0.0318277
0.116553 0.234884 -0.0349898
0.148968 0.233838 -0.0392044
-0.205083 0.231966 -0.0491411
-0.364951 0.221654 -0.0957431
-0.502767 0.207493 -0.160851
-0.31896 0.228321 -0.0801446
0.393291 0.222524 -0.107921
0.161025 0.23981 -0.0426276
-0.45047 0.217978 -0.134227
-0.195819 0.24079 -0.0493817
0.217925 0.240799 -0.0542069
0.307397 0.232894 -0.0773586
-0.157061 0.24348 -0.0428953
-0.0474698 0.246589 -0.0320432
0.0248087 0.249156 -0.0318545
0.158871 0.250266 -0.0449465
-0.269464 0.245073 -0.0686952
0.370347 0.236503 -0.101718
0.313364 0.243355 -0.0820779
0.0340865 0.256837 -0.0341464
0.254058 0.249278 -0.0654867
-0.440119 0.231877 -0.132516
-0.394697 0.23843 -0.112664
-0.0742353 0.259063 -0.0369967
-0.00320005 0.260317 -0.0344822
-0.349775 0.245254 -0.0958385
0.0334475 0.262277 -0.0355871
0.147933 0.25928 -0.0455946
-0.303946 0.252194 -0.0812971
0.00832266 0.266939 -0.0363224
0.116778 0.264825 -0.0428007
0.37619 0.247176 -0.107036
-0.48028 0.235168 -0.154999
-0.180217 0.264601 -0.0526309
-0.140909 0.267484 -0.0467964
0.136651 0.26862 -0.0464959
0.104899 0.269993 -0.0428688
-0.383678 0.252475 -0.111717
-0.578242 0.223806 -0.215432
0.489052 0.239422 -0.161248
-0.338313 0.259536 -0.095464
0.462355 0.244522 -0.147688
-0.25363 0.268487 -0.0707064
0.353046 0.261443 -0.101665
-0.0982958 0.279243 -0.044824
0.295215 0.267705 -0.08284
0.0764056 0.280767 -0.04327
0.205113 0.275529 -0.0608447
-0.0622032 0.281516 -0.0424618
-0.288199 0.275575 -0.0829396
-0.201784 0.280848 -0.0616996
0.494345 0.249543 -0.167323
0.467759 0.254387 -0.153543
0.358701 0.27129 -0.10684
0.3013 0.278295 -0.0879855
-0.0582157 0.292946 -0.0456448
-0.412863 0.269423 -0.129968
-0.36845 0.276214 -0.112334
-0.322356 0.282982 -0.0966686
0.040094 0.29843 -0.046411
0.549587 0.248826 -0.202479
-0.238058 0.29224 -0.073758
0.49938 0.259893 -0.173516
0.0602713 0.299825 -0.0479116
0.166498 0.295682 -0.0593351
0.473007 0.264579 -0.159606
0.44588 0.269329 -0.146388
-0.121736 0.30014 -0.0539047
0.247256 0.29425 -0.0768091
0.364097 0.282151 -0.112405
0.197329 0.297512 -0.0658972
0.203396 0.297559 -0.0672145
-0.165694 0.304814 -0.0621118
-0.0581834 0.310239 -0.0511237
0.554054 0.258466 -0.20866
0.529745 0.264695 -0.194204
0.478185 0.27497 -0.165896
0.50399 0.270044 -0.179591
0.561939 0.262873 -0.215703
-0.442398 0.286504 -0.150177
0.0488997 0.320089 -0.0538753
-0.307034 0.306483 -0.0990015
-0.183605 0.318543 -0.0700432
-0.144791 0.321831 -0.0643398
-0.0350449 0.324967 -0.054924
0.456549 0.28957 -0.158743
0.482812 0.285022 -0.171957
0.534207 0.274516 -0.20046
0.0682377 0.325085 -0.0567803
0.101006 0.324337 -0.0594663
0.165942 0.321983 -0.0679109
0.28751 0.312184 -0.0945282
0.345775 0.305833 -0.112923
0.428643 0.294227 -0.145778
-0.103946 0.3249 -0.0599813
-0.0487755 0.327124 -0.0562781
0.129854 0.325884 -0.0635507
-0.306012 0.313297 -0.100999
-0.482978 0.289669 -0.173668
-0.0622092 0.331882 -0.0587327
-0.386868 0.307328 -0.130585
-0.256909 0.3228 -0.0890677
-0.101895 0.333857 -0.0628996
0.04055 0.336198 -0.0590821
0.0730098 0.335491 -0.0607902
0.202793 0.330588 -0.0782698
0.351267 0.316136 -0.118712
0.293527 0.323121 -0.100314
0.433843 0.304003 -0.151847
0.461208 0.299683 -0.164849
0.487418 0.295484 -0.178347
-0.291287 0.33015 -0.10214
-0.0582472 0.346278 -0.063678
0.0130461 0.347724 -0.0624937
0.238686 0.33838 -0.0897649
0.356284 0.326769 -0.124624
0.46586 0.309592 -0.171068
-0.37099 0.330851 -0.1323
-0.2028 0.349399 -0.0852363
-0.164049 0.351711 -0.0783778
-0.124559 0.354716 -0.0733601
-0.241114 0.347323 -0.0937823
0.244213 0.348989 -0.0952534
0.547705 0.304194 -0.220587
-0.456377 0.32719 -0.172554
-0.275563 0.354302 -0.106392
-0.508326 0.316594 -0.199142
-0.0812619 0.367194 -0.073412
-0.0104995 0.368494 -0.0704292
0.448589 0.333842 -0.170954
-0.355247 0.354322 -0.134982
-0.400204 0.347719 -0.152104
0.0974441 0.378249 -0.0794392
0.13007 0.377079 -0.0829978
-0.30958 0.361642 -0.120582
0.161798 0.375538 -0.0874253
0.19393 0.374258 -0.09318
0.284363 0.36663 -0.114156
0.342285 0.360095 -0.132145
0.453141 0.343749 -0.177504
0.479433 0.33923 -0.190638
-0.143715 0.385564 -0.08858
0.531159 0.328917 -0.219177
0.555893 0.32287 -0.234012
0.0698048 0.389448 -0.0816008
-0.221007 0.380154 -0.101869
-0.182787 0.38297 -0.094504
-0.0339444 0.389712 -0.0796892
-0.441805 0.350962 -0.174389
0.167184 0.386188 -0.0928571
0.198577 0.384263 -0.0983854
0.28918 0.376284 -0.119781
0.347091 0.369957 -0.138223
0.457369 0.353333 -0.18393
0.0419656 0.400501 -0.0846653
-0.255748 0.387341 -0.114246
0.559659 0.332423 -0.240872
-0.384612 0.371305 -0.154892
0.203975 0.39462 -0.104082
0.352021 0.379921 -0.144582
-0.590648 0.328534 -0.262979
0.433993 0.368165 -0.177744
0.461848 0.363173 -0.190802
-0.654767 0.310157 -0.310737
-0.0565897 0.410614 -0.0899484
0.0469203 0.410967 -0.089558
-0.289589 0.394387 -0.127878
0.514181 0.353424 -0.218521
0.539308 0.347855 -0.233095
0.563283 0.342207 -0.247932
0.299356 0.397236 -0.132481
0.356735 0.389779 -0.150993
0.0188113 0.421583 -0.0934055
-0.162013 0.416443 -0.10539
0.465725 0.372724 -0.197394
0.492516 0.368138 -0.211392
0.244043 0.412302 -0.122247
-0.32365 0.402671 -0.143784
0.304008 0.407274 -0.138776
-0.467206 0.378176 -0.200812
0.361399 0.399705 -0.157607
-0.691836 0.330198 -0.357869
-0.349377 0.429386 -0.167196
0.317344 0.43766 -0.158723
0.373779 0.429513 -0.177925
-0.176226 0.457626 -0.128494
-0.490606 0.405325 -0.228626
0.0986946 0.463075 -0.119193
0.263182 0.452918 -0.148178
-0.681583 0.343979 -0.354149
0.321995 0.447385 -0.165634
-0.0231388 0.474518 -0.120059
-0.133313 0.470274 -0.127607
0.37784 0.438979 -0.184811
-0.211265 0.464876 -0.140199
0.112526 0.473399 -0.126369
0.144123 0.471119 -0.129784
0.326211 0.45672 -0.172357
-0.0895463 0.482485 -0.128685
-0.0187523 0.485145 -0.125767
0.116763 0.482692 -0.132028
-0.245404 0.47203 -0.153262
-0.0532154 0.485917 -0.127617
0.148901 0.481489 -0.136289
-0.329229 0.462823 -0.176955
0.271956 0.472287 -0.161558
-0.374992 0.456369 -0.193088
0.330405 0.466093 -0.179275
0.0888316 0.493798 -0.134972
0.121625 0.492866 -0.138437
-0.584013 0.403572 -0.295686
-0.0577823 0.49654 -0.133912
-0.27879 0.479076 -0.167677
0.414428 0.454208 -0.211365
0.275807 0.481908 -0.168318
0.0938681 0.503863 -0.141332
0.126354 0.502774 -0.144866
0.158218 0.501082 -0.149186
0.417674 0.46347 -0.218498
0.0984621 0.513761 -0.147735
0.162611 0.510612 -0.155706
-0.354444 0.489849 -0.203497
-0.03258 0.524753 -0.149369
-0.398855 0.482931 -0.220454
-0.142182 0.520459 -0.158034
0.0706966 0.524975 -0.151824
-0.181086 0.517847 -0.163912
0.103048 0.52375 -0.154384
0.135391 0.52232 -0.158067
-0.304666 0.506136 -0.193151
0.52683 0.452983 -0.280795
-0.0280499 0.534978 -0.1556
-0.138191 0.530552 -0.163688
0.107651 0.533249 -0.160919
0.139787 0.531981 -0.164862
-0.215656 0.525191 -0.176795
0.37481 0.50039 -0.219534
-0.0234201 0.545122 -0.16197
0.111841 0.542907 -0.167688
-0.491641 0.476111 -0.270886
0.378178 0.509235 -0.226915
0.26736 0.532822 -0.197118
-0.0897114 0.552392 -0.171257
-0.019022 0.555103 -0.168436
0.116022 0.552305 -0.174471
0.325806 0.52666 -0.214838
-0.245288 0.542258 -0.196389
-0.328834 0.532775 -0.220244
-0.0853024 0.562587 -0.177675
-0.0144482 0.564812 -0.174907
-0.374369 0.526256 -0.236519
-0.0808324 0.572568 -0.184137
-0.414185 0.529039 -0.259346
0.249265 0.563982 -0.212732
-0.0762817 0.582475 -0.190738
-0.00515176 0.584104 -0.188337
0.364896 0.550288 -0.248979
0.469473 0.523136 -0.288717
-0.000489558 0.593507 -0.195171
-0.0717734 0.592271 -0.197464
0.311643 0.566811 -0.23737
-0.265695 0.578804 -0.229032
0.0037653 0.602965 -0.202241
-0.066977 0.602078 -0.204377
-0.450161 0.542177 -0.290494
-0.261851 0.589236 -0.235647
0.346881 0.58191 -0.264436
-0.335343 0.598909 -0.272777
0.179205 0.626027 -0.241069
0.481949 0.558581 -0.324936
0.0866337 0.639549 -0.236147
0.119434 0.638811 -0.239963
0.151159 0.636876 -0.243997
-0.331121 0.608985 -0.279239
-0.00733754 0.659387 -0.248232
-0.0779118 0.657801 -0.250848
-0.317358 0.638563 -0.298914
-0.228859 0.657393 -0.282046
0.0340739 0.67729 -0.265074
-0.363111 0.632141 -0.315494
-0.116447 0.677061 -0.273344
-0.0319397 0.687055 -0.274097
-0.142 0.6824 -0.282947
0.103628 0.685374 -0.27922
