36.9 0 0 4.83429e-15 78.95 0 4.83429e-15 4.83429e-15 78.95
0.0478059 0.474818 -0.121215
0.0755474 0.464324 -0.117563
-0.0987206 0.461875 -0.118566
0.396073 0.118216 -0.0894225
0.189345 0.363819 -0.0879781
-0.0563314 -0.463843 -0.115875
0.242619 0.283818 -0.0723238
0.20678 -0.309358 -0.0718082
-0.197089 -0.0718117 -0.022248
0.399132 -0.0271951 -0.0835097
0.432291 -0.0710157 -0.101067
0.346987 0.306041 -0.113468
0.0116931 -0.303008 -0.0470836
-0.240226 0.409852 -0.120049
0.00962157 0.400945 -0.0839486
-0.2082 -0.0855021 -0.025658
-0.43859 0.0687851 -0.103949
0.270138 -0.0865012 -0.0410719
-0.440563 -0.0804697 -0.105892
-0.342996 -0.154163 -0.0734002
-0.292611 -0.0949504 -0.0484943
-0.219064 -0.0991596 -0.0293412
-0.315136 0.124197 -0.0591152
0.417766 -0.0948766 -0.0964129
0.380917 0.143667 -0.0866206
0.371349 0.236656 -0.102173
0.14343 -0.221269 -0.0353922
-0.468732 0.0863185 -0.120887
-0.417798 -0.101585 -0.0971573
0.443571 -0.100341 -0.109395
-0.303837 -0.109175 -0.0535518
0.202431 -0.185279 -0.0383902
0.437247 -0.109792 -0.107385
-0.46958 -0.11237 -0.12429
0.462499 -0.114767 -0.12084
0.291451 -0.101549 -0.0488195
0.0840583 0.193855 -0.0225777
0.302527 0.377502 -0.124803
0.421681 -0.133069 -0.103073
-0.157646 0.242405 -0.0427187
-0.411418 -0.14018 -0.0993976
-0.224119 -0.151865 -0.0373434
-0.382673 -0.108267 -0.0824819
0.28715 -0.116077 -0.0491734
-0.196264 -0.163524 -0.0331804
0.25025 -0.162716 -0.0455898
0.344328 -0.160249 -0.074928
-0.261486 -0.364863 -0.106412
0.180778 -0.169973 -0.0312748
-0.439693 -0.171713 -0.118419
-0.388385 -0.162509 -0.0929455
0.308078 -0.168981 -0.0637665
0.433094 -0.162003 -0.113329
0.127185 -0.154173 -0.0201763
-0.297786 -0.14752 -0.0568346
-0.207746 -0.176636 -0.0378974
-0.28753 -0.353026 -0.109664
0.313041 -0.29337 -0.0967064
0.270868 -0.177574 -0.0539037
0.437726 0.0879321 -0.105202
0.376117 -0.113116 -0.0803583
-0.320667 -0.218001 -0.0782362
0.242824 -0.157729 -0.0428387
-0.26016 0.376488 -0.110858
0.27503 -0.343499 -0.102021
0.249577 0.106525 -0.037522
-0.218507 -0.191093 -0.0430579
0.42761 -0.214231 -0.121789
-0.11374 -0.196027 -0.0260202
-0.154719 -0.454944 -0.123024
-0.383656 0.251443 -0.111414
0.223617 -0.200086 -0.0460814
0.125579 0.367265 -0.0784002
0.426388 0.171546 -0.111876
-0.291415 -0.186047 -0.0616696
0.318398 -0.19821 -0.0729964
-0.368995 -0.194495 -0.0911464
-0.123904 -0.209798 -0.0301378
0.328298 0.329644 -0.114813
-0.162658 -0.212458 -0.0364628
-0.393868 0.0760294 -0.0839829
-0.275015 -0.211211 -0.0620465
0.0547016 -0.41667 -0.0925895
0.124226 -0.223579 -0.0332629
-0.331356 -0.274123 -0.0971933
0.401227 -0.208898 -0.10816
0.161337 0.311705 -0.0636183
-0.348651 -0.115499 -0.0698913
-0.277255 0.175902 -0.0554429
0.302256 -0.221204 -0.0727947
0.34204 0.295492 -0.107984
-0.404877 0.062363 -0.0877579
-0.0836652 0.421874 -0.097214
-0.0362313 -0.233904 -0.0284157
0.443787 -0.190874 -0.124431
-0.219273 0.261106 -0.0599239
-0.214308 -0.31468 -0.0753116
0.164921 -0.236333 -0.0424261
0.348849 0.251016 -0.097063
-0.366015 -0.225571 -0.0971429
0.104202 0.269377 -0.0426192
0.212676 0.230565 -0.0504692
-0.134963 -0.224268 -0.0348633
-0.231246 -0.246877 -0.0589489
-0.257849 -0.235904 -0.0630565
0.447993 -0.138309 -0.116726
0.186024 -0.251148 -0.0500949
-0.399512 -0.217484 -0.109444
0.249902 0.239253 -0.0617532
-0.416994 -0.235399 -0.122103
0.167763 -0.294476 -0.0591815
-0.383613 -0.242769 -0.108987
-0.364712 0.220668 -0.0954055
0.312795 -0.249875 -0.0836369
-0.261992 0.199405 -0.0557553
-0.348323 -0.24955 -0.0964537
0.315385 -0.015859 -0.0511686
-0.241113 -0.2617 -0.0654532
-0.314542 -0.29963 -0.0992861
0.280901 0.3564 -0.108892
0.299583 0.353059 -0.11366
0.00147517 -0.316306 -0.0513439
-0.213944 -0.356966 -0.0907129
-0.184388 -0.444404 -0.123355
-0.108091 -0.277581 -0.0453979
-0.286852 -0.267958 -0.0802642
0.345034 -0.298143 -0.110021
0.153222 -0.251067 -0.0442341
0.26591 -0.272925 -0.0754441
-0.190452 -0.201502 -0.0392061
0.28435 0.189937 -0.0602824
-0.147459 -0.28058 -0.0515642
-0.297368 -0.224345 -0.0719688
-0.353633 0.234726 -0.0945457
0.205868 0.275633 -0.0610407
0.196619 -0.280673 -0.0605515
-0.31039 0.360004 -0.120196
-0.185162 -0.282746 -0.0588467
-0.0584429 -0.313696 -0.0522769
-0.236166 -0.282346 -0.0702116
0.172911 0.00864823 -0.0151004
-0.478279 0.023703 -0.122112
0.255526 0.0070649 -0.0332237
0.376391 -0.246727 -0.106996
0.296636 0.268058 -0.0834019
-0.331841 -0.316908 -0.111489
0.385627 -0.275125 -0.119319
0.446904 0.00137814 -0.105419
0.00152616 -0.358609 -0.0665134
0.0674437 -0.233533 -0.0299928
-0.206777 0.338756 -0.0821288
0.0862508 -0.419117 -0.0961739
-0.425564 0.034528 -0.0957307
-0.088485 -0.420628 -0.0970923
0.388586 0.0952562 -0.0835244
0.0760275 -0.431436 -0.101066
-0.276918 -0.029593 -0.0395622
-0.0270389 -0.432356 -0.0987026
-0.371211 0.103735 -0.0772641
0.267358 0.214581 -0.0605988
-0.0861313 0.131068 -0.0123753
-0.197607 -0.430154 -0.119138
-0.270121 -0.336035 -0.0977169
-0.337825 0.145377 -0.0700859
-0.413486 0.155495 -0.102865
-0.0062584 -0.447909 -0.105943
0.151423 -0.419865 -0.105134
-0.0697796 -0.359857 -0.0696056
0.0150669 -0.462894 -0.113715
0.419602 0.161257 -0.106731
-0.0772768 -0.448896 -0.109764
-0.115911 -0.451286 -0.115181
-0.186258 -0.368404 -0.0891837
0.195277 -0.365826 -0.0900341
-0.409763 0.214013 -0.113268
0.349434 -0.327079 -0.121982
0.333802 0.33967 -0.120682
0.119113 -0.419993 -0.100324
-0.128908 0.345232 -0.0703778
0.189503 -0.0166896 -0.0182617
0.275641 -0.301184 -0.0871418
0.366038 -0.218325 -0.0953729
-0.415324 0.0483009 -0.0916097
0.188568 0.239678 -0.0476364
0.0329356 -0.402382 -0.085121
0.426582 -0.0316363 -0.0961048
0.325914 0.208605 -0.0779023
0.0639703 0.202047 -0.0227155
-0.325687 0.110636 -0.0610178
-0.241551 -0.303331 -0.0782388
-0.185707 -0.325214 -0.0727738
-0.166943 0.0671929 -0.0163256
0.399891 0.0215788 -0.0836914
-0.191642 0.136821 -0.0281186
-0.0693103 -0.316976 -0.0541025
-0.246774 -0.29176 -0.0758904
0.264496 -0.35789 -0.10448
-0.149603 0.198383 -0.0313601
0.0687354 -0.478998 -0.124879
0.255122 0.0876266 -0.03707
-0.141705 0.266271 -0.0465749
0.0216993 -0.374365 -0.0729724
0.356103 0.100189 -0.0709399
0.157329 -0.0155793 -0.0125767
-0.148191 -0.365666 -0.0811268
-0.133882 0.2216 -0.0340967
-0.0624653 0.335933 -0.0601876
-0.205344 0.402966 -0.108119
0.255598 -0.243936 -0.0644973
0.184493 -0.379528 -0.0934015
-0.241825 -0.34586 -0.0934121
-0.319671 0.227677 -0.0802318
-0.390379 -0.021549 -0.079598
0.158096 0.365907 -0.0828752
-0.311305 -0.0215348 -0.049934
-0.105915 0.323447 -0.0597
0.359212 0.158442 -0.080292
0.0318941 -0.0747519 -0.00330801
-0.295691 0.31996 -0.0998931
0.466091 0.0344785 -0.115936
-0.30434 0.251285 -0.0811783
0.472937 -0.00352436 -0.118911
-0.205412 -0.386496 -0.100874
0.0377089 0.390739 -0.0802712
0.391073 -0.0897652 -0.0840281
-0.168059 -0.235281 -0.0427125
-0.196429 0.239772 -0.0492503
0.0137972 -0.259512 -0.0343587
-0.399432 0.228193 -0.112091
-0.300436 -0.362243 -0.117663
-0.015215 0.358076 -0.0664317
-0.356635 -0.0285212 -0.0661916
0.133007 0.354487 -0.0744471
0.428284 0.183171 -0.115115
-0.307371 0.277332 -0.0897199
-0.0135991 0.421763 -0.0933957
0.279835 0.278974 -0.0813783
0.216846 -0.337177 -0.0838724
0.18925 0.138049 -0.0278237
-0.265456 0.141153 -0.0462658
0.322336 -0.321014 -0.109467
-0.341668 0.312627 -0.113701
-0.225693 0.369653 -0.0986568
-0.152783 0.139518 -0.021638
-0.405996 0.110337 -0.0928103
-0.336827 -0.192813 -0.0783869
-0.458016 0.100021 -0.116701
0.349933 -0.28432 -0.107414
-0.0935235 0.224756 -0.0300835
0.333858 0.1149 -0.0644058
-0.294003 0.383477 -0.124496
0.46557 -0.0140078 -0.1151
0.342521 0.183709 -0.0786259
-0.302445 0.0896212 -0.0510558
-0.368178 0.126237 -0.0788544
0.419845 0.00635302 -0.0924264
0.255251 0.249804 -0.0659525
-0.382295 0.0896141 -0.0803152
-0.203895 0.284922 -0.0633857
0.173418 0.163919 -0.0288888
-0.012104 0.30364 -0.0472901
-0.394558 0.124411 -0.0895901
0.464648 0.0828713 -0.118391
0.0644612 0.315497 -0.0532653
0.230574 0.206082 -0.0490186
-0.164859 0.287265 -0.0564428
-0.288444 0.16178 -0.0562696
0.44457 0.0985191 -0.10969
-0.356745 0.289064 -0.111645
-0.433017 0.186376 -0.118093
-0.241948 0.119951 -0.0371537
0.382173 0.201132 -0.0980632
0.246498 0.392851 -0.11405
0.222191 0.137515 -0.0347431
0.374398 0.133062 -0.0823288
0.028151 0.145192 -0.0109971
0.318074 0.140357 -0.0623813
0.285717 0.366967 -0.114731
0.20549 0.162865 -0.0349878
-0.279882 0.343866 -0.103662
-0.402044 0.16944 -0.100194
-0.166863 0.405685 -0.101348
0.193598 0.197644 -0.0390336
-0.421495 0.200137 -0.11553
-0.173116 0.218736 -0.0396951
-0.269615 0.243873 -0.068424
0.290349 0.25716 -0.0782807
-0.338121 0.258238 -0.095021
0.195071 0.374347 -0.0934617
-0.31129 0.296361 -0.0970777
0.274926 0.346007 -0.102952
