36.9 0 0 4.83429e-15 78.95 0 4.83429e-15 4.83429e-15 78.95
-0.0231265 0.474246 -0.119911
-0.357968 0.0979652 -0.0714194
0.324 -0.27825 -0.095787
-0.468692 -0.110943 -0.123633
0.179946 -0.0789557 -0.0194973
0.40757 -0.156116 -0.10027
0.249476 0.106621 -0.0375065
0.00839093 -0.177826 -0.0159738
-0.202861 0.349391 -0.0852466
-0.0812142 -0.330931 -0.0598465
-0.337981 -0.192218 -0.0786851
-0.197541 -0.0713716 -0.0223069
0.328353 -0.0925825 -0.0599931
0.3013 0.278295 -0.0879855
-0.40102 -0.0329571 -0.0845239
0.313741 0.0815922 -0.0540035
0.286474 -0.286631 -0.0857925
0.36422 0.282406 -0.112537
-0.230698 -0.112792 -0.0335341
-0.382973 -0.1079 -0.082564
-0.439864 -0.170891 -0.118345
0.437019 -0.108662 -0.107135
0.185697 -0.117678 -0.024465
-0.348679 -0.115004 -0.0698404
-0.425739 0.0352622 -0.0958415
0.0973952 0.377927 -0.0793016
0.197132 0.2971 -0.0657245
0.358091 0.158409 -0.0798492
-0.360089 -0.130061 -0.0761926
-0.168945 -0.349922 -0.0785815
-0.204648 -0.427854 -0.119625
0.237956 -0.351581 -0.0945895
-0.421027 0.201219 -0.115553
0.136364 0.268448 -0.0464065
-0.412721 -0.13898 -0.099808
0.449271 -0.137704 -0.117281
-0.00311451 0.260389 -0.0345012
0.078394 -0.22007 -0.0276712
-0.124526 0.354734 -0.0733626
0.242851 -0.157187 -0.0427562
-0.311351 -0.0210857 -0.0499389
0.380522 -0.15103 -0.0876445
-0.433646 -0.209292 -0.123559
-0.0600199 -0.430315 -0.0993187
-0.308571 -0.160807 -0.0624902
0.265869 0.214438 -0.0601437
-0.235378 -0.165327 -0.0422608
0.403109 0.186729 -0.104101
-0.144798 0.322021 -0.064406
0.431056 0.182516 -0.116327
0.30958 0.274588 -0.0896368
-0.348284 -0.207508 -0.0858675
-0.388129 -0.160141 -0.0924151
0.393291 0.222524 -0.107921
0.30852 -0.16877 -0.063874
0.0839961 0.235711 -0.0318134
-0.338333 0.259371 -0.0954242
0.228259 -0.32374 -0.0818006
0.27179 -0.177555 -0.0541647
0.292172 -0.101369 -0.0490216
0.167118 0.386134 -0.0928221
-0.272776 -0.28958 -0.0825379
0.159373 -0.154875 -0.0250057
-0.0741641 -0.192995 -0.0216072
-0.440337 -0.0794341 -0.105688
-0.10937 0.401756 -0.0908079
0.169706 0.105547 -0.0201737
-0.0853326 -0.206894 -0.0253651
0.122172 -0.206144 -0.029135
-0.416869 -0.192791 -0.111714
0.443948 -0.190021 -0.124327
-0.382831 -0.199608 -0.0980038
0.328494 -0.183229 -0.0734371
0.375445 -0.203139 -0.0956906
0.186819 0.0805677 -0.0209151
0.284042 0.366498 -0.113998
0.426881 -0.0314362 -0.0962386
-0.422749 -0.154206 -0.106969
-0.296279 0.206905 -0.0675789
-0.382253 0.0905018 -0.080385
-0.135875 -0.223517 -0.0348172
0.340125 -0.212194 -0.083873
0.402453 -0.208425 -0.108602
0.419902 0.00706023 -0.0924579
-0.297446 -0.28113 -0.08759
0.227562 -0.365359 -0.0973769
0.129658 -0.447159 -0.114993
0.395762 -0.127328 -0.0905165
0.33692 -0.0301137 -0.0589484
-0.285602 -0.224305 -0.068271
-0.400628 -0.216543 -0.109716
0.170351 -0.23326 -0.0426233
-0.269147 -0.250023 -0.0699204
0.263783 -0.399828 -0.122187
-0.30333 -0.108259 -0.0532841
0.307015 0.232816 -0.0772116
-0.241018 -0.126438 -0.0377507
-0.365985 -0.224008 -0.096742
-0.252535 -0.141151 -0.042763
-0.306921 0.306415 -0.0989399
-0.121778 0.300189 -0.0539256
0.398484 0.0705755 -0.0855439
-0.326308 0.110947 -0.0612699
0.412421 -0.237062 -0.120392
0.128469 -0.370691 -0.0801718
0.313459 -0.2499 -0.0838703
-0.241858 -0.260348 -0.0652681
0.157275 -0.0153904 -0.012565
-0.322435 0.283113 -0.0967375
0.276336 -0.258054 -0.0742319
-0.251972 -0.274202 -0.071925
-0.313969 -0.255668 -0.0856385
0.286549 -0.329471 -0.100368
0.00163761 -0.273845 -0.0382276
0.00374298 -0.47589 -0.120503
-0.39399 -0.256428 -0.117381
-0.120056 -0.375871 -0.0811381
-0.213092 -0.228911 -0.0501624
-0.139517 0.0382599 -0.0105197
0.140226 0.379746 -0.0855986
0.409469 0.197298 -0.109265
-0.0195255 -0.300772 -0.0465039
-0.196472 0.348027 -0.0833345
0.290179 -0.233846 -0.0720387
-0.246632 -0.17999 -0.047752
-0.186958 -0.410207 -0.107377
-0.376988 -0.280428 -0.117254
-0.359806 -0.304937 -0.11821
-0.432191 0.187339 -0.117892
0.359982 -0.269266 -0.106742
-0.229617 -0.20521 -0.0485985
0.0117428 -0.428873 -0.0967113
0.136693 -0.35815 -0.0763963
-0.0991107 -0.433171 -0.104154
0.274805 -0.385329 -0.119089
-0.179222 0.102284 -0.0215229
0.139491 -0.434601 -0.110245
0.251969 -0.371698 -0.106494
0.172779 -0.433999 -0.11581
-0.158512 -0.378234 -0.0879623
-0.110366 -0.404991 -0.0923647
0.0697997 0.389409 -0.0815835
0.096723 -0.446946 -0.110683
-0.331183 -0.231148 -0.085184
-0.0813089 0.367249 -0.0734383
-0.394757 0.238366 -0.112673
0.466133 -0.0132692 -0.115385
0.275254 -0.301684 -0.0871899
-0.148664 -0.40756 -0.0990039
-0.370975 0.104401 -0.0772442
-0.290486 0.0552454 -0.0447169
-0.0107837 -0.372791 -0.0721472
-0.038464 -0.445385 -0.105487
0.28751 0.312184 -0.0945282
0.126681 -0.329366 -0.0643347
-0.417134 0.0974338 -0.0963929
0.464156 0.0837694 -0.118216
-0.256101 0.0478203 -0.0345336
0.0864627 -0.459478 -0.116029
-0.0177428 -0.461164 -0.112862
0.100907 0.324159 -0.0593945
0.463106 -0.113809 -0.121034
-0.0474278 0.246761 -0.0320849
0.425012 0.171715 -0.111249
0.205626 -0.393756 -0.104079
-0.00939944 -0.287562 -0.042284
-0.0882939 -0.461914 -0.117481
0.285011 -0.371302 -0.116312
0.295051 0.267642 -0.0827691
-0.0671658 -0.476555 -0.123425
0.28925 0.37622 -0.119777
0.0945474 -0.328331 -0.060181
0.238261 0.112861 -0.0353789
0.395557 0.11855 -0.089242
-0.242707 -0.388019 -0.11088
-0.158608 -0.294046 -0.0574607
-0.137674 -0.435867 -0.110581
-0.314761 -0.12309 -0.058844
0.217872 0.240742 -0.0541802
0.0835153 -0.342134 -0.0640674
0.356165 0.3267 -0.12455
-0.383692 0.252567 -0.111749
-0.23125 0.0534794 -0.0285766
0.161706 0.375485 -0.0873871
-0.0797403 -0.287795 -0.0456334
-0.391047 -0.0206324 -0.0798607
0.0188834 0.421588 -0.0934091
-0.0697583 -0.274641 -0.040987
0.250283 -0.16285 -0.0456215
0.000415481 -0.400747 -0.0838115
0.238672 -0.309052 -0.0793901
0.226777 -0.295151 -0.0718524
0.332167 -0.34862 -0.12357
0.141198 0.165398 -0.023933
0.254582 -0.11002 -0.0392276
-0.415142 0.0490554 -0.0915669
-0.349839 0.245365 -0.0958933
0.203396 0.297559 -0.0672145
0.0128931 0.347839 -0.0625344
0.0219615 -0.176107 -0.0158739
0.335829 0.0671055 -0.0604704
-0.238353 0.17894 -0.0454487
-0.457577 0.101085 -0.116594
0.270651 -0.198464 -0.0580021
0.18025 0.232028 -0.0441377
-0.270407 -0.376887 -0.11409
0.465905 0.0353651 -0.115872
0.203925 0.394401 -0.103974
0.0648342 -0.445296 -0.106967
-0.346094 0.190822 -0.0814108
-0.034968 0.324959 -0.0549185
-0.303917 0.252077 -0.0812556
0.258132 0.146341 -0.0450383
0.198226 0.383998 -0.0981953
0.376257 0.247157 -0.107059
0.0726713 -0.355927 -0.0683162
-0.318957 0.182294 -0.0699272
-0.35437 -0.168245 -0.0801548
0.128497 0.199792 -0.0286238
-0.129571 -0.305108 -0.0565381
0.20517 0.275441 -0.0608317
-0.277776 0.0203741 -0.0395702
-0.214655 -0.398835 -0.108454
0.444325 0.0988341 -0.109603
0.0950944 -0.153228 -0.0163953
-0.27164 -0.3348 -0.0977135
0.416439 0.103869 -0.096789
0.229904 0.205934 -0.0488244
-0.275716 0.354356 -0.106461
0.380432 0.144028 -0.086475
-0.348282 0.0832595 -0.0663152
-0.0632307 -0.395268 -0.0836131
0.20825 -0.363207 -0.0918631
0.274949 -0.344327 -0.102313
-0.330456 0.214422 -0.080858
0.401938 0.12935 -0.0935154
-0.224402 -0.327417 -0.0821539
0.21046 0.172612 -0.0377568
-0.424358 0.142493 -0.105787
-0.115493 -0.309539 -0.056153
-0.188161 0.196067 -0.0376314
-0.252669 -0.317517 -0.0860301
-0.425376 -0.0137413 -0.0950876
-0.0705557 0.154908 -0.0145939
-0.445469 -0.131943 -0.114479
-0.080956 -0.372783 -0.0756196
-0.143704 0.3856 -0.0885933
-0.29762 -0.323016 -0.101622
0.154087 0.4092 -0.10066
0.238686 0.33838 -0.0897649
-0.183075 0.383143 -0.0946356
-0.412868 0.156305 -0.102721
-0.196734 -0.338677 -0.0798945
-0.360507 0.117763 -0.0747074
0.370119 0.236442 -0.101609
0.243782 0.412062 -0.122062
-0.404319 0.0627764 -0.0875389
0.399376 -0.0265757 -0.0835979
-0.476074 -0.0237353 -0.120915
0.333168 0.115105 -0.0641849
0.473057 -0.00264308 -0.118972
-0.256841 0.322853 -0.0890671
-0.238037 0.292223 -0.0737471
0.281643 0.131504 -0.0495349
0.358619 0.271241 -0.106792
0.337247 0.0186423 -0.0587685
-0.478042 0.0245838 -0.122007
0.357177 0.0522242 -0.0674242
0.29354 0.323071 -0.100301
-0.322574 0.16965 -0.068783
-0.0564271 0.410498 -0.0898859
0.2932 0.0481319 -0.0451612
-0.264884 0.141425 -0.046147
0.313364 0.243355 -0.0820779
-0.291259 0.330091 -0.102109
-0.313919 0.0759389 -0.0535921
-0.393246 0.0766122 -0.0837642
-0.183544 0.318555 -0.0700355
0.19393 0.374258 -0.09318
0.260254 0.0986231 -0.0395099
-0.337117 0.0971651 -0.0635646
-0.44366 0.173403 -0.12074
-0.255704 0.387254 -0.114195
-0.420804 0.119338 -0.100732
-0.288286 0.275624 -0.0829815
-0.435554 0.128685 -0.109083
-0.221082 0.380286 -0.101944
0.192729 0.197305 -0.0387893
-0.0104663 0.368458 -0.0704146
0.0761389 0.1678 -0.0171236
-0.288358 0.162536 -0.0563731
0.104824 0.269919 -0.0428399
0.325063 0.208266 -0.0775255
-0.0816012 0.2228 -0.0285571
0.116597 0.234882 -0.0349946
-0.161941 0.416275 -0.105299
0.0249126 0.249056 -0.0318313
-0.269537 0.245124 -0.0687299
0.253764 0.249245 -0.0653981
-0.323449 0.261612 -0.0906376
-0.368478 0.27616 -0.112329
0.244101 0.348873 -0.0951784
-0.305972 0.31333 -0.100997
-0.103405 0.389773 -0.084913
