36.9 0 0 4.83429e-15 78.95 0 4.83429e-15 4.83429e-15 78.95
-0.0231438 0.474516 -0.120057
0.0986946 0.463075 -0.119193
-0.00749173 0.458138 -0.111151
0.0252708 0.429886 -0.0974706
-0.0466629 0.42984 -0.0983014
0.244043 0.412302 -0.122247
-0.0469665 0.42664 -0.0967985
0.0188112 0.421583 -0.0934055
-0.162002 0.416448 -0.10539
-0.166014 0.407832 -0.102162
0.0468476 0.410923 -0.0895346
0.0187185 0.411808 -0.0889214
-0.0565731 0.410624 -0.0899518
-0.24676 0.398409 -0.116609
-0.0298609 0.40736 -0.0872208
0.203975 0.39462 -0.104082
0.0419657 0.400501 -0.0846653
-0.255751 0.387343 -0.114248
0.289047 0.376408 -0.119791
0.198577 0.384263 -0.0983854
-0.103405 0.389773 -0.084913
0.16719 0.386292 -0.0929024
0.0697987 0.389437 -0.0815955
-0.143707 0.385558 -0.088576
-0.22101 0.380164 -0.101874
0.193473 0.383835 -0.0970942
-0.0338538 0.38966 -0.0796636
-0.182787 0.38297 -0.094504
-0.0570494 0.387384 -0.0798483
0.140226 0.379746 -0.0855986
0.28437 0.366661 -0.114171
0.161591 0.375467 -0.0873596
0.0974749 0.378243 -0.0794398
-0.0369541 0.380958 -0.0761463
0.130064 0.377076 -0.0829957
0.0567629 0.378993 -0.0763431
-0.187378 0.370833 -0.0903997
0.0931693 0.373254 -0.076961
0.094483 0.36977 -0.0756931
0.19393 0.374258 -0.09318
-0.0105095 0.368513 -0.070437
-0.275651 0.354348 -0.106438
-0.0812619 0.367194 -0.073412
0.10841 0.360131 -0.0734188
0.244213 0.348989 -0.0952534
-0.124566 0.354719 -0.073362
-0.241098 0.347407 -0.0938103
-0.202782 0.349404 -0.0852342
-0.164049 0.351711 -0.0783778
-0.196472 0.348027 -0.0833345
0.356284 0.326769 -0.124624
0.0130461 0.347724 -0.0624937
0.238559 0.338502 -0.089777
-0.147526 0.342573 -0.072164
-0.291287 0.33015 -0.10214
-0.0582471 0.346278 -0.063678
0.293468 0.323084 -0.100282
0.202794 0.33057 -0.0782636
0.04055 0.336198 -0.0590821
0.351267 0.316136 -0.118712
-0.252038 0.326676 -0.0890884
0.0730098 0.335491 -0.0607901
-0.101895 0.333857 -0.0628996
-0.341292 0.314029 -0.114051
-0.256909 0.3228 -0.0890677
-0.0622092 0.331882 -0.0587327
0.283281 0.316855 -0.0948178
0.16714 0.32575 -0.0694348
0.161973 0.326507 -0.0687867
-0.305952 0.313281 -0.100974
0.345779 0.305841 -0.112927
0.165957 0.321979 -0.0679122
-0.0487755 0.327124 -0.0562781
-0.103946 0.3249 -0.0599813
0.287889 0.312568 -0.0947811
0.101006 0.324337 -0.0594663
0.0682377 0.325085 -0.0567803
-0.144791 0.321831 -0.0643398
-0.183605 0.318543 -0.0700432
-0.22154 0.316185 -0.0775321
-0.0350402 0.324971 -0.0549252
-0.179044 0.317582 -0.0688261
-0.307031 0.306489 -0.0990025
-0.215839 0.312397 -0.0748936
-0.186437 0.310271 -0.0678128
-0.0581834 0.310239 -0.0511237
0.307858 0.294893 -0.0954218
-0.233305 0.301393 -0.0754831
-0.165694 0.304814 -0.0621118
0.197329 0.297512 -0.0658972
0.364122 0.28217 -0.112422
0.247256 0.29425 -0.076809
0.203396 0.297559 -0.0672145
-0.121727 0.300136 -0.0539021
-0.238063 0.292246 -0.0737611
0.166498 0.295682 -0.0593351
0.0602713 0.299825 -0.0479116
0.0400941 0.29843 -0.046411
-0.322422 0.28296 -0.0966851
-0.36845 0.276214 -0.112334
0.358708 0.27133 -0.106855
0.301349 0.278279 -0.0879971
0.30958 0.274588 -0.0896368
-0.288197 0.275548 -0.0829308
-0.201784 0.280848 -0.0616996
0.205113 0.275529 -0.0608447
0.0764056 0.280767 -0.04327
-0.0622032 0.281516 -0.0424618
0.295192 0.267703 -0.0828321
-0.0982958 0.279243 -0.044824
0.353213 0.261458 -0.101735
-0.253632 0.268485 -0.0707064
0.116062 0.37042 -0.078415
-0.323449 0.261612 -0.0906376
-0.338318 0.259471 -0.0954472
-0.383686 0.252487 -0.111723
-0.10937 0.401756 -0.0908079
0.136651 0.26862 -0.0464959
0.104899 0.269993 -0.0428687
-0.386704 0.250351 -0.112428
-0.140909 0.267484 -0.0467964
-0.180216 0.264601 -0.0526309
0.00832267 0.266939 -0.0363224
0.376253 0.247221 -0.107075
-0.30388 0.252127 -0.0812569
0.138306 0.462667 -0.124323
0.0334476 0.262276 -0.0355871
-0.349739 0.245327 -0.0958447
-0.0032 0.260317 -0.0344822
-0.0742353 0.259063 -0.0369967
0.254058 0.249278 -0.0654867
-0.394885 0.23845 -0.112753
0.312119 0.243968 -0.0818163
0.0340866 0.256837 -0.0341464
0.370347 0.236503 -0.101718
-0.269399 0.24499 -0.0686545
0.158871 0.250266 -0.0449465
0.217926 0.2408 -0.0542074
-0.0474698 0.246589 -0.0320432
-0.15701 0.24352 -0.0428972
-0.195819 0.24079 -0.0493817
0.307397 0.232894 -0.0773586
0.291632 0.233784 -0.0724788
0.393291 0.222524 -0.107921
-0.319108 0.228412 -0.0802187
0.148968 0.233838 -0.0392044
0.116553 0.234884 -0.0349898
0.0839459 0.235787 -0.0318277
-0.205083 0.231966 -0.0491411
-0.365013 0.221558 -0.0957446
0.180447 0.232022 -0.0441733
-0.0907673 0.234383 -0.0321024
0.272377 0.225026 -0.0644924
0.387156 0.211651 -0.102607
-0.330405 0.214395 -0.0808333
-0.080795 0.425216 -0.0985215
-0.376197 0.207729 -0.0970469
0.266218 0.214615 -0.0602826
-0.172718 0.219785 -0.039863
-0.420989 0.201146 -0.115518
0.325067 0.208297 -0.077534
-0.138088 0.354776 -0.0753023
0.409791 0.197274 -0.109408
-0.296257 0.206938 -0.0675791
-0.0662635 0.214544 -0.0255361
0.229978 0.206027 -0.0488623
-0.432163 0.187232 -0.117855
-0.261967 0.200189 -0.0559143
-0.167052 0.343386 -0.0757815
-0.177276 0.328907 -0.072426
0.403344 0.186738 -0.104209
0.0640392 0.202771 -0.02287
-0.346136 0.1906 -0.0813806
0.431056 0.182516 -0.116327
0.161294 0.199075 -0.0333805
0.128497 0.199792 -0.0286238
0.193149 0.197417 -0.0388965
-0.149142 0.19884 -0.0313828
-0.188161 0.196088 -0.0376358
0.283917 0.189929 -0.0601499
0.341988 0.183499 -0.0783862
-0.443661 0.17334 -0.120729
-0.0506139 0.192754 -0.0200592
-0.0116259 0.191588 -0.0185935
0.425183 0.171812 -0.111349
-0.0822675 0.190427 -0.0217518
-0.238435 0.178998 -0.04548
-0.402423 0.169794 -0.10043
-0.322477 0.169637 -0.0687473
0.210507 0.172472 -0.0377421
-0.368409 0.162956 -0.0847295
0.301187 0.165378 -0.0608853
0.133102 0.172093 -0.0239529
-0.412987 0.156389 -0.102791
0.358173 0.158492 -0.0798954
0.0763147 0.167877 -0.0171503
-0.288311 0.16254 -0.0563595
0.108673 0.166475 -0.0199611
-0.137509 0.163242 -0.0230438
0.172935 0.163908 -0.0288008
0.141146 0.165441 -0.0239328
-0.215022 0.158044 -0.0362638
-0.424332 0.142341 -0.105751
0.380606 0.144021 -0.0865465
0.000221877 0.156168 -0.0122695
-0.070531 0.154934 -0.014596
0.258468 0.146415 -0.0451404
0.317504 0.140182 -0.062162
0.0507247 0.147468 -0.0122347
-0.265003 0.141469 -0.0461866
-0.151898 0.143749 -0.022113
0.190462 0.139399 -0.0282531
-0.435663 0.128882 -0.109165
-0.152819 0.139915 -0.0217004
0.402003 0.129254 -0.0935304
0.21657 0.136305 -0.0332952
-0.191808 0.137089 -0.0281891
-0.230682 0.134811 -0.036355
0.28095 0.130645 -0.0492114
-0.31484 0.124776 -0.0590926
-0.420804 0.119338 -0.100732
0.395462 0.118623 -0.0892102
-0.360435 0.117823 -0.074687
0.423256 0.114163 -0.101211
0.275201 0.121768 -0.046356
-0.246395 0.123351 -0.0387124
-0.241466 0.120485 -0.0370995
0.333197 0.115199 -0.0642067
0.0136328 0.122069 -0.00757197
-0.196126 0.11899 -0.0266677
-0.0604533 0.11912 -0.00896222
-0.32633 0.111008 -0.061285
0.238398 0.112907 -0.0354181
0.416439 0.103869 -0.096789
0.0248087 0.249156 -0.0318545
-0.457616 0.101 -0.116605
0.19678 -0.236921 -0.0486082
-0.145877 -0.237096 -0.0395286
-0.365971 -0.22414 -0.0967688
-0.372477 -0.22676 -0.100088
-0.331236 -0.231283 -0.0852374
-0.0809198 -0.331027 -0.0598547
0.419873 0.00699189 -0.0924438
-0.0809036 -0.372856 -0.0756447
0.223434 -0.200645 -0.0461558
0.194673 -0.407392 -0.107736
0.0968562 -0.446969 -0.110709
0.185959 -0.251828 -0.0502622
0.464213 0.0837987 -0.118249
0.22753 -0.365364 -0.0973711
0.422596 -0.132594 -0.103433
-0.0449263 0.0367968 -0.00168761
-0.412195 -0.139205 -0.0996017
-0.252221 -0.273827 -0.071882
0.297991 0.107012 -0.0514487
-0.058974 -0.261004 -0.0364655
-0.388245 -0.160355 -0.0925021
0.313617 -0.249919 -0.0839296
-0.196775 -0.338772 -0.0799386
-0.129614 -0.305109 -0.0565442
-0.241919 -0.260436 -0.0653085
0.276374 -0.258139 -0.074267
0.157394 -0.0152909 -0.0125826
0.398612 0.0706642 -0.0856067
-0.3142 -0.255833 -0.0857641
-0.31034 -0.256176 -0.0845422
0.0565849 -0.112997 -0.00801719
-0.207172 -0.32698 -0.0779565
-0.0104419 -0.372693 -0.0721039
-0.404285 0.0628443 -0.0875283
-0.439891 -0.170922 -0.118364
-0.169024 -0.349838 -0.0785643
0.32392 -0.278296 -0.0957725
-0.0696944 -0.274645 -0.0409835
0.0645971 -0.445302 -0.106953
-0.417169 -0.100423 -0.0967363
0.238682 -0.309113 -0.0794132
-0.297667 -0.323088 -0.101664
0.337278 0.0186096 -0.058779
0.313899 0.0816837 -0.054064
-0.0736466 -0.321073 -0.0558135
0.00137842 -0.274145 -0.0383126
-0.139517 0.0382599 -0.0105197
-0.0991462 -0.433497 -0.104316
0.391681 -0.179727 -0.0976231
-0.337067 0.0973395 -0.0635648
0.407548 -0.156134 -0.100263
0.412303 -0.237038 -0.12033
-0.218643 0.0992947 -0.0292601
-0.319209 -0.291556 -0.0982792
0.133479 -0.398575 -0.0926292
0.097143 -0.0354754 -0.00536201
-0.00912518 -0.287409 -0.0422354
-0.0797773 -0.287946 -0.045682
-0.269107 -0.249876 -0.0698691
0.228472 -0.280433 -0.0677136
0.333046 -0.306438 -0.108273
0.18924 -0.0166904 -0.018211
-0.303333 -0.108285 -0.0532881
-0.110192 -0.405177 -0.0924266
0.175602 -0.222053 -0.0409087
-0.29757 -0.281284 -0.0876779
-0.229521 0.0854505 -0.0304546
-0.129162 -0.185755 -0.02593
0.286468 -0.286621 -0.0857873
0.137434 -0.357718 -0.076339
-0.0194891 -0.300816 -0.0465169
-0.158553 -0.294006 -0.0574389
-0.0138115 -0.300838 -0.0464246
-0.0307981 0.108797 -0.00641324
0.312661 -0.11606 -0.0572523
0.265664 -0.229248 -0.0635875
-0.272907 -0.289459 -0.0825386
-0.376873 -0.280424 -0.117204
-0.196357 -0.297147 -0.0655763
-0.210726 -0.14564 -0.0333649
0.116295 -0.30094 -0.0534746
-0.309468 0.361728 -0.120579
-0.241084 -0.126471 -0.0377716
-0.0911042 -0.301821 -0.0509982
0.426882 -0.0313742 -0.0962372
-0.300417 -0.290423 -0.0914823
0.144799 -0.301849 -0.0577046
-0.29847 -0.2717 -0.0850712
-0.290453 0.0552726 -0.0447085
0.117563 -0.304332 -0.0547164
-0.313919 0.0759389 -0.0535921
-0.223589 -0.298135 -0.0720326
0.355663 0.100417 -0.0707957
0.0477941 -0.250808 -0.0331437
-0.415194 0.0490686 -0.0915916
-0.468156 0.0870916 -0.120657
-0.059395 -0.386904 -0.079795
-0.115493 -0.309539 -0.056153
-0.148806 -0.407843 -0.0991557
0.275254 -0.301684 -0.0871899
0.447006 0.00203164 -0.105472
0.18376 -0.420801 -0.111654
0.105521 -0.314548 -0.0566418
0.228226 -0.324036 -0.0818967
0.303337 -0.220988 -0.0730959
0.104858 -0.35697 -0.071788
-0.219693 -0.0986348 -0.02943
-0.267261 0.0337816 -0.0369681
-0.0579815 -0.321615 -0.0549065
0.432911 -0.0702137 -0.101302
0.254564 -0.109994 -0.03922
0.202811 -0.31819 -0.0739208
-0.283657 -0.171704 -0.0565721
-0.440415 -0.0793925 -0.105723
-0.348284 -0.207508 -0.0858675
-0.359946 -0.305361 -0.118414
-0.252595 -0.317271 -0.085924
0.377387 0.0857531 -0.0779235
0.159407 -0.154917 -0.0250179
0.0944777 -0.32827 -0.0601529
0.205608 -0.393876 -0.104128
0.126653 -0.329378 -0.0643348
-0.0113786 -0.328941 -0.055718
0.202338 -0.265203 -0.057277
-0.230669 -0.112763 -0.0335238
0.465786 -0.013095 -0.1152
0.270817 -0.0863287 -0.0412479
-0.285879 -0.224542 -0.0684132
-0.164347 -0.195928 -0.0332517
0.290179 -0.233846 -0.0720387
0.20742 -0.266555 -0.0587639
0.402526 -0.208423 -0.108634
-0.224553 -0.32743 -0.082195
-0.433768 -0.209339 -0.123631
0.449106 -0.137549 -0.117173
-0.213092 -0.228911 -0.0501624
-0.0599635 -0.430356 -0.0993348
-0.348284 0.0831471 -0.0663058
-0.165647 0.0187561 -0.0139933
-0.041833 -0.413783 -0.0905862
-0.477906 0.0245464 -0.121932
0.399095 -0.0265226 -0.0834741
-0.205158 -0.333957 -0.0800092
-0.228793 -0.332467 -0.0850577
-0.107055 -0.234894 -0.0338922
-0.179253 0.102233 -0.0215232
0.0835153 -0.342134 -0.0640674
-0.0205545 -0.343434 -0.0610483
-0.242803 -0.388144 -0.110961
-0.126928 -0.464924 -0.123795
0.248996 -0.0714568 -0.0341353
0.115753 -0.343145 -0.0678774
0.105612 0.107905 -0.0114644
-0.0241329 0.418336 -0.0920283
0.0329955 -0.443597 -0.104381
0.216433 -0.338027 -0.0840881
-0.394146 -0.256267 -0.117404
-0.425376 -0.0137413 -0.0950876
0.188475 0.032307 -0.0184535
0.285008 -0.371306 -0.116313
-0.271891 -0.334849 -0.0978073
-0.120249 -0.375988 -0.081211
-0.383121 -0.10779 -0.0826126
0.226777 -0.295151 -0.0718524
0.286449 -0.329387 -0.100305
-0.0380583 -0.445104 -0.10533
0.0453626 -0.390435 -0.0804878
0.0731759 -0.356065 -0.0684083
0.275115 -0.344158 -0.102299
-0.0349534 0.394302 -0.081684
0.0028006 -0.358477 -0.0664657
-0.476182 -0.0238909 -0.120978
-0.235413 -0.165347 -0.042273
0.238082 -0.35152 -0.0945992
-0.204501 -0.427824 -0.119576
-0.0562656 -0.416245 -0.0924899
0.111871 -0.359369 -0.0735344
0.323149 -0.321307 -0.109867
-0.0743478 -0.193048 -0.0216316
0.102745 0.388586 -0.0843339
-0.0570538 -0.362529 -0.0697756
-0.142063 -0.358942 -0.0775149
-0.0283232 -0.472517 -0.119134
0.215581 0.29592 -0.0694326
0.463114 -0.113837 -0.121043
0.207167 -0.150497 -0.0333396
0.203212 0.0557679 -0.0224547
-0.393382 -0.166372 -0.0958037
0.00837604 -0.17791 -0.0159889
-0.209118 -0.0849497 -0.0258063
0.127037 -0.154093 -0.0201445
0.332389 -0.348625 -0.123657
0.228737 -0.148153 -0.0378513
-0.253327 -0.359476 -0.10189
-0.319218 -0.219419 -0.07807
0.358582 0.00360228 -0.0665087
-0.270282 -0.376738 -0.113989
-0.0364843 -0.370643 -0.0719416
-0.390923 -0.0206439 -0.0798083
0.270228 -0.0188849 -0.0373888
-0.228948 -0.205097 -0.0484129
0.328664 -0.183256 -0.0735027
-0.311379 -0.0211761 -0.0499501
0.128071 -0.371106 -0.0802834
0.335899 0.0670824 -0.0604937
-0.0390631 -0.211592 -0.0234228
0.185726 -0.117654 -0.0244676
0.216731 -0.379557 -0.100576
-0.0868086 -0.374758 -0.0769504
0.035086 -0.23208 -0.0279362
0.0347809 -0.0748438 -0.00341147
0.119899 -0.342045 -0.0679971
-0.371019 0.104488 -0.0772717
-0.00416174 -0.192827 -0.0187761
-0.382741 -0.1997 -0.0979861
0.108578 -0.356359 -0.0719812
-0.197533 -0.0714933 -0.0223143
0.256659 0.0396243 -0.0343104
-0.357968 0.0979652 -0.0714194
0.172773 -0.434005 -0.115811
0.179953 -0.078958 -0.0194988
0.275857 -0.124864 -0.0469459
0.171753 0.395005 -0.0975189
-0.0704124 -0.401577 -0.0868857
-0.201585 -0.215037 -0.0444256
0.0467375 -0.217783 -0.0251225
-0.158487 -0.378281 -0.0879773
0.129663 -0.447289 -0.115059
0.180994 -0.170485 -0.0314051
-0.349842 -0.133864 -0.0728049
0.0171693 -0.432667 -0.0986098
0.360128 -0.312244 -0.120903
-0.256201 0.0478303 -0.0345606
-0.214698 -0.398849 -0.108471
0.345345 -0.159969 -0.0752586
0.0865368 -0.459542 -0.11607
-0.0175012 -0.461134 -0.112842
-0.0583789 -0.304592 -0.0493079
-0.0882584 -0.462064 -0.117556
0.391623 -0.0888557 -0.0841748
-0.167272 0.0671015 -0.0163754
-0.0558039 -0.435704 -0.101641
0.210564 -0.144262 -0.0331229
-0.0201968 -0.385115 -0.0773526
-0.312947 -0.219028 -0.0758297
0.254737 0.0883362 -0.0370328
0.00389913 -0.475694 -0.120398
0.203657 0.166271 -0.03518
0.20825 -0.363207 -0.0918631
-0.0671556 -0.476554 -0.123424
0.292029 -0.192046 -0.0630702
0.0117333 -0.428805 -0.0966793
-0.268325 0.082644 -0.040223
0.360031 -0.269296 -0.106772
-0.298487 -0.146594 -0.0569117
0.242673 -0.157171 -0.0427086
-0.0632307 -0.395268 -0.0836131
0.12269 -0.393581 -0.0889339
-0.382306 0.090553 -0.0804117
-0.0497103 -0.270218 -0.0384849
-0.0979833 0.166663 -0.0188666
-0.0563967 -0.384527 -0.0786104
0.383989 0.0930882 -0.0813666
0.0480566 -0.0954503 -0.00572649
-0.113449 -0.368147 -0.07718
0.291999 -0.10132 -0.0489633
0.380522 -0.15103 -0.0876445
0.444373 0.0989453 -0.109639
0.170805 -0.40682 -0.102602
-0.277084 -0.0288348 -0.039587
0.44389 -0.189948 -0.124282
-0.355818 -0.0777103 -0.0686814
0.274814 -0.385352 -0.119102
-0.277754 0.0204382 -0.0395652
0.139511 -0.434008 -0.109959
0.251969 -0.371698 -0.106494
-0.35466 -0.168255 -0.0802681
-0.393474 0.0767519 -0.0838738
-0.133411 -0.372064 -0.0814307
-0.252553 -0.141186 -0.0427729
0.0601225 0.0527777 -0.00320523
-0.0960753 -0.220534 -0.0293639
0.172832 0.00865734 -0.0150867
0.0897403 -0.205002 -0.0253612
0.142529 -0.437133 -0.111969
0.000487631 -0.400825 -0.0838455
0.143156 -0.221917 -0.0355006
0.232118 -0.015561 -0.0274369
-0.00572532 -0.134325 -0.00907918
-0.0919737 -0.0766368 -0.00719205
0.122167 -0.206123 -0.02913
0.340033 -0.212144 -0.0838273
-0.135731 -0.223552 -0.0348049
0.204733 0.00703553 -0.0212075
-0.0629721 -0.179094 -0.0181854
-0.0560921 -0.388967 -0.0804573
0.135068 0.453437 -0.119005
0.263709 -0.399845 -0.122172
-0.0323112 0.457115 -0.11118
0.465922 0.0353254 -0.115879
-0.219103 -0.190379 -0.043052
0.250286 -0.162834 -0.0456195
-0.012722 -0.205313 -0.0213864
0.0210912 -0.41675 -0.0912235
0.36088 -0.136393 -0.0774153
0.0934406 0.0559981 -0.00595117
0.205538 0.163079 -0.035034
-0.425823 0.0353524 -0.0958845
0.226794 -0.00771848 -0.0260879
0.399926 0.0220284 -0.0837173
0.154087 0.4092 -0.10066
-0.236326 -0.0746862 -0.0312007
0.153839 -0.11686 -0.0188387
0.10611 -0.384358 -0.0829344
-0.070945 0.0592453 -0.00428076
-0.30233 0.0901438 -0.0510687
-0.279691 0.0689836 -0.0423915
-0.137845 -0.436157 -0.11075
0.436992 -0.108606 -0.107116
0.158711 -0.246368 -0.0439071
0.249534 0.106718 -0.0375324
-0.314934 -0.12301 -0.0588915
-0.468734 -0.110927 -0.123653
0.21194 -0.0342201 -0.0233167
-0.348767 -0.11501 -0.0698739
0.0209599 -0.163323 -0.01365
0.207694 -0.132854 -0.03087
0.375295 -0.20318 -0.0956374
0.315646 0.0333467 -0.0517092
0.293193 0.0481213 -0.0451585
0.078394 -0.22007 -0.0276712
0.00210163 -0.434437 -0.0993004
-0.416909 0.0973414 -0.0962788
-0.400649 -0.216769 -0.10978
-0.0476564 -0.387389 -0.0793161
0.0334815 0.0342407 -0.00114738
0.347454 -0.158333 -0.075767
0.45897 -0.0752471 -0.11474
-0.0466646 0.400766 -0.0850088
0.33692 -0.0301137 -0.0589484
-0.439557 0.0695675 -0.104483
0.161025 0.23981 -0.0426276
-0.246604 -0.180012 -0.0477488
-0.0643839 -0.121339 -0.00947912
0.395762 -0.127328 -0.0905165
0.095184 -0.153083 -0.0163814
0.0134143 -0.125688 -0.00802091
0.129854 0.325884 -0.0635507
-0.196574 -0.164701 -0.0334431
-0.337821 -0.192302 -0.0786441
0.472888 -0.00264336 -0.118882
-0.0476758 -0.384211 -0.0779864
0.433602 -0.161267 -0.113443
0.260254 0.0986231 -0.0395099
-0.360358 -0.129856 -0.0762687
0.328318 -0.0925283 -0.0599758
0.298727 -0.228244 -0.073357
0.309068 -0.115452 -0.0559936
-0.197474 -0.121273 -0.0272221
0.170367 -0.233152 -0.0425998
0.110608 -0.2208 -0.0309729
-0.100291 0.0590134 -0.00679352
0.307758 -0.0777384 -0.0517165
0.106274 -0.179622 -0.0220216
0.186856 0.0805984 -0.0209246
-0.416892 -0.192914 -0.111752
-0.302941 -0.201273 -0.0684874
-0.156368 -0.209456 -0.0347657
-0.0853158 -0.206897 -0.0253642
0.270651 -0.198464 -0.0580021
0.201967 -0.185634 -0.0383612
-0.335031 -0.189513 -0.0770488
-0.445469 -0.131943 -0.114479
0.279076 0.0248045 -0.0400515
-0.187018 -0.410248 -0.107408
0.27179 -0.177555 -0.0541647
-0.235143 -0.177107 -0.0443112
0.351867 0.0983978 -0.069136
0.30852 -0.16877 -0.063874
0.0219615 -0.176107 -0.0158739
-0.422723 -0.154006 -0.106923
-0.308663 -0.160883 -0.0625332
0.37659 -0.112694 -0.0805002
-0.0616609 -0.0937204 -0.00631272
-0.0613818 -0.159662 -0.0147384
0.0571767 0.08552 -0.00530549
-0.27986 0.117577 -0.0471864
-0.00504667 -0.0359762 -0.000660097
-0.0249369 0.0664983 -0.00252513
-0.135911 -0.111608 -0.0155855
-0.246624 -0.0883048 -0.0349202
-0.389409 -0.0697997 -0.0815835
0.0208898 -0.0727904 -0.00287154
-0.401042 -0.0329568 -0.0845332
0.315685 -0.0151799 -0.0512573
0.00499873 -0.0219944 -0.000254403
0.230365 0.0499011 -0.0281759
0.169719 0.105536 -0.0201746
