36.9 0 0 4.83429e-15 78.95 0 4.83429e-15 4.83429e-15 78.95
0.080314 0.474443 -0.123385
0.140545 0.462219 -0.124443
0.0757162 0.463932 -0.117371
0.0138661 0.465252 -0.11493
-0.0987194 0.461895 -0.118576
0.118469 -0.341539 -0.0676288
-0.2049 -0.257736 -0.0557606
0.0160835 0.292794 -0.0439596
-0.19721 -0.0719239 -0.0222805
0.248815 -0.0717231 -0.0341083
0.43234 -0.0710139 -0.10109
-0.291448 -0.186017 -0.0616738
0.370425 -0.0740723 -0.074096
-0.241951 0.120133 -0.0371772
0.06662 -0.0828956 -0.00567104
-0.440633 -0.0801935 -0.105902
-0.166439 0.405994 -0.101408
-0.292791 -0.0947829 -0.0485328
0.391044 -0.0896025 -0.0839998
0.327985 -0.092917 -0.0598977
-0.208281 -0.0854332 -0.0256693
-0.219105 -0.099189 -0.0293536
-0.0746988 -0.101975 -0.00802162
-0.388494 -0.162127 -0.0929239
0.291465 -0.101507 -0.0488193
-0.417599 -0.101572 -0.0970638
-0.230208 -0.112911 -0.0334311
-0.295479 0.320076 -0.0998649
-0.382746 -0.108264 -0.0825118
0.250345 -0.162762 -0.0456227
0.312431 -0.116725 -0.0572583
-0.165694 -0.425806 -0.110486
0.3471 0.306012 -0.113502
0.365237 0.226172 -0.0969785
-0.061261 0.400281 -0.0856573
-0.304299 -0.275115 -0.0880164
0.035577 -0.232061 -0.0279496
0.421969 -0.133 -0.103199
0.125715 0.367452 -0.0784931
-0.239865 0.410125 -0.120078
0.307237 -0.0777729 -0.0515503
-0.411697 -0.140065 -0.0995072
0.448087 -0.138215 -0.116759
-0.297972 -0.147521 -0.0568934
-0.224601 -0.151851 -0.0374535
0.228423 0.146263 -0.0374878
0.0368797 -0.477074 -0.121911
-0.31462 -0.298695 -0.0990031
-0.101627 -0.368937 -0.0761182
-0.33686 -0.192765 -0.078389
-0.147969 0.311353 -0.0612965
0.242935 -0.15764 -0.0428521
-0.402113 0.169623 -0.100259
0.0516651 -0.165785 -0.0151924
-0.434103 -0.211052 -0.124208
0.406437 -0.156467 -0.0998182
-0.235726 -0.166198 -0.0424971
-0.308721 -0.162311 -0.0627984
0.195464 -0.40643 -0.107471
0.180881 -0.170011 -0.0313007
0.218247 0.240653 -0.0542441
0.194617 0.37392 -0.0931881
0.43346 -0.161787 -0.113469
-0.208387 -0.176425 -0.0379973
0.237193 -0.17761 -0.0449113
-0.311193 -0.021609 -0.0498989
0.270909 -0.177445 -0.0538914
-0.439532 -0.171298 -0.118258
-0.00263249 -0.191812 -0.0185718
0.337956 -0.181301 -0.0764657
0.120407 0.131559 -0.0160314
-0.238738 0.291327 -0.0736454
-0.218607 -0.190655 -0.0429933
0.427742 -0.214008 -0.121799
0.249661 0.106512 -0.0375425
0.390853 -0.180094 -0.0973372
0.355467 -0.189235 -0.0846678
-0.38364 0.251783 -0.111504
-0.190665 -0.201535 -0.0392551
-0.154811 -0.454055 -0.122579
-0.0141015 -0.206142 -0.0215796
0.252266 -0.413088 -0.124946
0.318357 -0.198153 -0.0729703
-0.206951 0.339762 -0.08254
0.437255 0.0884195 -0.10502
-0.162961 -0.212476 -0.0365179
0.244461 -0.21467 -0.0544018
0.143528 -0.221278 -0.035409
-0.288303 0.162018 -0.0562674
0.4473 0.156452 -0.119406
0.33908 -0.212302 -0.0835106
-0.134932 -0.223928 -0.03478
0.322729 -0.27818 -0.0953112
0.401328 -0.208892 -0.108204
0.157305 -0.0155203 -0.0125719
0.302355 -0.221071 -0.0727951
0.0541585 -0.41772 -0.0930398
0.0217951 -0.374882 -0.0731838
0.0671752 -0.233599 -0.0299902
0.245688 0.413119 -0.123091
-0.157467 0.242504 -0.0427143
0.1649 -0.236911 -0.0425652
-0.176366 -0.396785 -0.099191
-0.343405 -0.154401 -0.0735913
-0.33137 -0.232617 -0.0856241
-0.470269 -0.112638 -0.124695
-0.00410877 0.259114 -0.0341619
0.0248507 -0.245444 -0.0309078
-0.240893 -0.260936 -0.0651828
0.398746 0.0704053 -0.0856453
-0.367094 -0.236032 -0.10026
-0.289972 -0.244342 -0.0746819
0.186324 -0.251365 -0.0502111
0.0929767 0.367784 -0.0747486
-0.417374 -0.235239 -0.122241
-0.304152 0.251265 -0.0811109
-0.461116 0.11088 -0.119615
-0.259793 0.376793 -0.11088
-0.00910633 -0.372154 -0.0718738
-0.273012 -0.142409 -0.0485883
-0.337746 0.258373 -0.0949192
-0.00880206 -0.329613 -0.0559249
0.0963537 0.31363 -0.0553559
-0.0686878 -0.274827 -0.0409629
-0.242191 -0.346108 -0.0936045
-0.212859 -0.271647 -0.061438
-0.108599 -0.277338 -0.045385
-0.287461 -0.267843 -0.0804204
0.443933 -0.190483 -0.12442
-0.241776 0.345871 -0.0934031
0.26588 -0.273075 -0.0754797
-0.253326 -0.273431 -0.0720661
0.196861 -0.28115 -0.0607448
-0.185133 -0.282714 -0.0588313
-0.33157 -0.274213 -0.0972994
0.151818 -0.420205 -0.105361
-0.258043 -0.235921 -0.0631143
0.298054 0.106493 -0.05141
0.336163 0.0664745 -0.060545
0.232271 -0.407979 -0.117049
-0.0386469 0.379066 -0.0754377
0.0762492 -0.431408 -0.101071
-0.276815 -0.0294352 -0.0395276
-0.109233 -0.405106 -0.092279
0.377781 0.187681 -0.0933262
0.399902 0.0218057 -0.0837015
0.284427 0.190221 -0.060363
-0.186921 0.372238 -0.09088
0.359103 -0.312241 -0.120483
0.283376 0.301848 -0.089733
-0.0117451 0.303522 -0.0472479
-0.315247 -0.342591 -0.114986
0.108307 -0.432513 -0.104901
0.207272 -0.265993 -0.0585723
-0.077464 -0.448558 -0.10961
-0.215536 0.157448 -0.0362809
0.353163 0.232069 -0.093678
-0.116576 -0.451683 -0.11547
-0.425768 0.0345394 -0.0958271
0.0517753 0.237318 -0.0299488
0.436664 -0.109191 -0.107026
0.224487 -0.331124 -0.0835054
0.410096 0.196574 -0.109394
-0.254128 0.155105 -0.0453476
0.121036 0.416568 -0.0989885
0.242349 0.283555 -0.0721726
0.180963 -0.395838 -0.0996863
0.0237481 -0.311575 -0.0500753
0.183933 -0.379524 -0.0932863
0.381847 0.201161 -0.097932
0.311967 0.283802 -0.0932844
0.359094 0.158366 -0.0802327
0.022732 -0.415568 -0.0907218
-0.196284 0.239858 -0.0492422
-0.23224 -0.417133 -0.121328
-0.311228 0.296511 -0.0971054
0.0691479 0.426312 -0.0980706
-0.458052 0.10017 -0.116737
-0.410666 0.214262 -0.113746
-0.0802654 -0.331168 -0.0598484
-0.031753 0.270446 -0.0377886
0.104388 -0.234242 -0.0334422
-0.186171 -0.367859 -0.0889457
0.181363 0.232455 -0.0444518
-0.203762 0.284976 -0.0633732
-0.341326 0.312733 -0.113606
-0.332924 -0.316939 -0.111906
0.241598 0.17098 -0.0448056
-0.365046 -0.224314 -0.0964378
-0.0279276 -0.433146 -0.0991091
0.0440897 0.281757 -0.0415276
0.389229 0.150845 -0.0912941
0.08561 -0.41914 -0.0961237
0.255049 0.0876284 -0.0370508
0.206662 -0.309417 -0.0718016
-0.236385 -0.074597 -0.0312083
-0.259954 0.0986583 -0.0394321
-0.302438 0.0896799 -0.0510591
-0.242753 -0.303533 -0.0786212
0.230549 0.206291 -0.0490579
0.195188 -0.366013 -0.0900901
-0.46853 0.0865084 -0.120798
0.296563 0.267972 -0.0833533
-0.105318 -0.353762 -0.0706128
0.0106654 0.402217 -0.0845178
-0.399388 -0.217108 -0.109296
-0.140552 0.104631 -0.015471
0.168459 0.266429 -0.0509808
-0.203609 0.171988 -0.0361725
0.462468 -0.114301 -0.120762
0.0149732 0.0578962 -0.00178968
0.403499 0.00548978 -0.0850364
0.0870553 -0.359107 -0.0707725
-0.478326 0.0240443 -0.122147
-0.29736 -0.32578 -0.102535
-0.415263 0.0484308 -0.0915886
-0.157221 -0.201381 -0.0331871
0.275334 0.346186 -0.103146
0.193536 0.197585 -0.0390088
0.276161 -0.301602 -0.087437
0.308465 -0.16882 -0.0638647
0.333294 0.33978 -0.120532
-0.421187 0.200364 -0.115434
0.162259 -0.407194 -0.101187
0.465995 0.0344805 -0.115885
-0.119702 -0.376134 -0.0811994
-0.404467 0.0622058 -0.0875656
0.227569 -0.323503 -0.0815459
0.0238599 0.248232 -0.0315932
-0.167845 -0.399765 -0.0988807
0.0326469 -0.402992 -0.085379
-0.137739 0.412993 -0.0997421
0.0119849 -0.387205 -0.0780841
-0.212037 0.216512 -0.0470242
0.209826 -0.144924 -0.0330614
-0.14782 0.375137 -0.0848926
0.388403 0.211727 -0.103164
0.0655239 0.379491 -0.0771279
0.20613 -0.351824 -0.0869117
0.371568 0.236531 -0.102231
-0.424541 0.141643 -0.105739
-0.0259849 0.0219873 -0.000579496
-0.323028 0.169014 -0.0688248
0.464563 0.0828754 -0.118346
0.283365 0.0863047 -0.0448793
-0.279469 0.34371 -0.103473
0.375347 0.170667 -0.0889636
0.121688 0.406326 -0.0944113
0.41911 0.161276 -0.106503
-0.438967 0.0689805 -0.104149
0.353981 0.260732 -0.101826
0.29344 0.047904 -0.0452236
0.399176 -0.0268192 -0.0835181
-0.356411 0.289107 -0.111525
-0.476014 -0.0246146 -0.120907
0.318053 0.140357 -0.0623741
0.205427 0.16289 -0.0349784
0.31571 -0.0155591 -0.0512717
-0.425317 -0.0144789 -0.0950712
0.465687 -0.0138712 -0.115159
0.285693 0.366948 -0.114716
0.35863 0.00302563 -0.066525
0.419843 0.00635302 -0.0924254
0.172775 0.00870623 -0.0150771
0.470962 0.011467 -0.117921
-0.37129 0.103949 -0.0773198
0.136568 0.268397 -0.0464215
-0.166944 0.0672155 -0.0163274
-0.269623 0.244281 -0.0685333
0.0375777 0.390178 -0.0800276
0.371864 0.0691017 -0.0742883
-0.39375 0.0760336 -0.0839323
0.444588 0.0986577 -0.109715
-0.325684 0.110798 -0.0610357
0.234486 0.328046 -0.0849033
0.423557 0.113821 -0.10131
-0.360019 0.117801 -0.074522
-0.000310711 -0.43369 -0.0989381
-0.413505 0.155658 -0.102902
-0.19165 0.136861 -0.0281257
0.374391 0.133063 -0.0823261
-0.346592 0.140109 -0.0725071
-0.13482 0.150816 -0.0206747
0.342477 0.183672 -0.078602
0.0763347 0.167419 -0.0170739
-0.277229 0.175924 -0.0554393
0.0269993 0.216645 -0.0241229
-0.0669735 0.213915 -0.0254462
-0.364549 0.220937 -0.0954058
-0.319504 0.227745 -0.0801904
-0.180663 0.263654 -0.0524519
0.205914 0.275677 -0.0610638
0.199767 0.384806 -0.09888
-0.167976 0.341962 -0.0754213
