36.9 0 0 4.83429e-15 78.95 0 4.83429e-15 4.83429e-15 78.95
-0.0228169 0.475358 -0.120503
0.144318 0.45873 -0.123222
0.118617 -0.460253 -0.120172
-0.0678234 -0.477368 -0.123918
-0.371063 0.104595 -0.0773018
-0.236566 -0.0747835 -0.0312669
0.433009 -0.0700955 -0.10134
0.180091 -0.0787954 -0.019511
-0.221086 0.381055 -0.102271
-0.303468 -0.199936 -0.0683709
0.0408771 0.336764 -0.0592987
0.27175 -0.177625 -0.0541662
-0.176385 -0.438737 -0.118866
0.463909 0.0837816 -0.118088
0.35612 0.326641 -0.124509
0.465833 0.0353666 -0.115834
0.292202 -0.101276 -0.0490208
0.285266 -0.370988 -0.116263
-0.343363 -0.33045 -0.12085
0.254655 -0.10993 -0.0392368
0.293276 0.322814 -0.100122
0.00295847 -0.230021 -0.0268189
-0.394682 0.23006 -0.11045
-0.383447 -0.107543 -0.0827198
-0.348905 -0.114934 -0.0699165
-0.468752 -0.110638 -0.123627
-0.425863 0.0354162 -0.0959058
0.161682 -0.447325 -0.120364
0.463093 -0.113661 -0.121008
-0.314893 -0.122948 -0.0588698
-0.241063 -0.126461 -0.0377649
-0.416552 -0.121332 -0.0990213
0.433748 -0.161104 -0.113485
0.0730838 -0.313203 -0.05313
-0.359934 -0.1296 -0.0760675
-0.439892 -0.170796 -0.11834
-0.225237 -0.327642 -0.0824386
-0.394107 -0.25589 -0.117277
-0.252527 -0.140963 -0.0427333
0.422906 -0.132479 -0.103563
-0.445558 -0.131611 -0.114474
-0.144527 0.322055 -0.0643759
-0.360451 0.118078 -0.0747257
0.449214 -0.137351 -0.117197
0.426851 -0.031202 -0.0962166
-0.432111 0.187381 -0.117861
0.15941 -0.154836 -0.0250054
0.38036 -0.150747 -0.08753
-0.3084 -0.160622 -0.062402
-0.422918 -0.154049 -0.107022
-0.235684 -0.165368 -0.0423433
0.403019 0.18723 -0.104165
-0.388015 -0.159916 -0.0923262
-0.308013 -0.179389 -0.0656833
0.228701 -0.280396 -0.0677586
-0.354688 -0.167993 -0.0802312
0.437323 -0.108514 -0.107267
-0.248382 -0.161118 -0.0448312
-0.0634683 -0.179156 -0.0182286
-0.0203007 -0.384839 -0.0772396
0.266716 0.214779 -0.0604615
0.424793 0.171972 -0.111194
0.238142 0.112864 -0.0353497
-0.457536 0.101139 -0.11658
0.213159 0.415047 -0.115523
-0.195834 0.240924 -0.0494187
0.328821 -0.183047 -0.073517
-0.446459 0.114995 -0.112616
-0.219202 -0.189532 -0.0429064
0.391807 -0.179568 -0.0976463
-0.303387 -0.108221 -0.0532982
0.345255 0.305825 -0.112718
0.0834786 -0.34202 -0.0640227
-0.0811086 0.36797 -0.0737066
-0.394693 -0.122723 -0.0894195
-0.105923 0.379578 -0.0809241
-0.081164 -0.373106 -0.0757681
-0.0855417 -0.206875 -0.0253795
0.41549 -0.18921 -0.110299
0.154317 -0.207247 -0.0339592
-0.229806 -0.204571 -0.0485064
0.183277 -0.421249 -0.111766
-0.149257 -0.407587 -0.0991141
-0.382706 -0.199221 -0.0978652
0.0420272 0.400788 -0.0847937
-0.416947 -0.19254 -0.111696
-0.249947 -0.218869 -0.0568019
0.340282 -0.212275 -0.0839498
0.175854 -0.222204 -0.0409898
0.40279 -0.208318 -0.108729
0.275909 -0.124689 -0.0469381
0.102537 0.389009 -0.0844904
-0.101747 0.33386 -0.0628848
0.303392 -0.221156 -0.0731543
-0.433753 -0.209217 -0.123595
0.2278 -0.365566 -0.0975206
-0.285581 -0.224116 -0.0682193
0.170856 -0.233064 -0.0426655
0.157212 -0.0152794 -0.0125533
-0.10724 -0.234715 -0.0338695
-0.177873 0.397824 -0.099946
0.405661 -0.0665466 -0.0884021
-0.359759 -0.30464 -0.118088
-0.349578 0.245332 -0.0957837
0.258756 0.146661 -0.0452561
-0.108314 0.192735 -0.0247455
0.392994 0.222269 -0.107726
-0.440554 -0.0792743 -0.105781
0.333377 -0.306279 -0.108343
-0.0799384 -0.287957 -0.045699
-0.468002 0.0873231 -0.120597
-0.368101 0.276431 -0.112257
0.238774 -0.308909 -0.0793685
-0.117928 -0.248437 -0.0385572
0.126009 -0.371664 -0.080224
0.185983 -0.25146 -0.0501694
0.218202 -0.251949 -0.0571799
-0.268674 -0.24895 -0.0694958
-0.476068 -0.0237354 -0.120912
0.412561 -0.236806 -0.120389
0.37548 -0.203044 -0.0956837
-0.394847 0.238875 -0.11285
0.315493 0.0333471 -0.0516581
0.370057 0.236645 -0.101637
-0.313975 -0.255681 -0.0856439
-0.25881 -0.235154 -0.0631327
-0.223916 -0.284875 -0.0679551
0.385761 -0.231698 -0.106969
-0.212574 -0.229212 -0.050119
-0.401344 0.0975042 -0.0892773
-0.252031 -0.274692 -0.0720859
-0.41504 0.0490579 -0.0915206
-0.314141 0.0761663 -0.0536838
0.165413 0.321332 -0.0675921
0.105605 0.108026 -0.0114769
0.063077 -0.410304 -0.0902352
-0.376083 0.2079 -0.0970388
-0.0882744 -0.461487 -0.117256
-0.143234 0.385609 -0.0885233
-0.348027 -0.20726 -0.0857134
-0.00971373 -0.413932 -0.0897442
0.194274 -0.407799 -0.107835
0.202478 0.330141 -0.0780403
-0.18679 -0.409539 -0.107035
0.137599 -0.315574 -0.0611286
0.147968 -0.344229 -0.0728476
-0.120971 -0.376049 -0.0813306
0.286963 -0.286658 -0.0859544
-0.20255 0.349458 -0.0852036
-0.290876 0.330256 -0.102046
-0.146247 -0.424444 -0.106434
-0.0603592 -0.429845 -0.099117
-0.0998441 -0.43368 -0.104482
0.0964009 -0.447111 -0.110732
0.214048 -0.427218 -0.121553
-0.130182 -0.347207 -0.0712912
0.446852 0.00233773 -0.105395
-0.138928 -0.436398 -0.111037
0.291902 -0.191866 -0.0629937
-0.27067 -0.376784 -0.114127
-0.0558244 0.41194 -0.0905008
-0.19673 -0.338276 -0.0797463
0.193303 0.197705 -0.0389867
0.39512 0.118826 -0.0890881
0.363807 0.281915 -0.112212
0.0939115 -0.370635 -0.0759816
0.129613 0.376886 -0.0828535
-0.348513 0.083311 -0.0664059
-0.390936 -0.0205605 -0.0798119
0.00805195 -0.178291 -0.0160551
-0.0279173 -0.473402 -0.119596
-0.225293 -0.370318 -0.0988298
-0.330867 -0.230759 -0.0849715
0.332654 -0.348585 -0.123741
0.172968 -0.434233 -0.115962
0.38687 0.211805 -0.10252
0.000337688 0.156482 -0.0123192
-0.297681 -0.323103 -0.101674
-0.403405 0.0146385 -0.0850956
0.128882 -0.447784 -0.115196
-0.25323 -0.359872 -0.102021
0.141212 0.165455 -0.0239447
-0.376566 -0.279731 -0.116853
-0.207862 -0.0853949 -0.0255766
0.1268 -0.329335 -0.0643396
0.210568 0.286059 -0.0652105
0.465856 -0.0128551 -0.115233
0.115833 -0.343088 -0.0678663
0.0117458 -0.428374 -0.0964747
0.171987 0.395853 -0.0979352
0.296426 -0.314968 -0.0983754
-0.259136 0.378783 -0.111534
-0.305446 0.313255 -0.100793
0.409361 0.197308 -0.109218
0.313748 0.0816609 -0.0540118
0.444125 0.0991006 -0.109533
-0.242464 -0.260429 -0.0654477
-0.424047 0.142695 -0.105672
0.284839 0.366879 -0.114412
-0.366745 -0.223714 -0.0969772
0.340006 0.0824903 -0.0632015
0.369486 -0.29752 -0.119681
0.358394 0.271357 -0.106737
0.376222 0.247343 -0.107095
0.360472 -0.269137 -0.106901
-0.090782 -0.302108 -0.0510589
-0.303888 0.252177 -0.0812735
-0.295796 0.207043 -0.067456
0.00439884 -0.475385 -0.120233
-0.204263 -0.292949 -0.0659456
0.205428 -0.393914 -0.104103
0.0330081 -0.443244 -0.104207
0 -0.401136 -0.0839817
-0.196168 -0.295896 -0.0651399
0.256212 0.396103 -0.118264
0.270295 -0.0189768 -0.0374096
0.205228 0.27585 -0.0609641
0.208761 0.40506 -0.109862
0.228105 -0.323822 -0.0817912
0.301008 0.165468 -0.0608437
-0.241365 0.120551 -0.0370825
0.357865 0.158633 -0.0797998
-0.183773 0.31923 -0.0703119
-0.0710364 -0.401942 -0.0870943
0.419777 0.00726079 -0.0924018
-0.158938 -0.378503 -0.0881481
-0.268321 0.0827658 -0.0402325
0.386234 -0.0957176 -0.082579
0.32543 0.10387 -0.0601561
0.274794 -0.385704 -0.11925
-0.243746 -0.388379 -0.111321
0.237979 -0.351005 -0.0943724
-0.404236 0.0629615 -0.0875147
0.243913 0.412739 -0.122416
0.328492 -0.0923607 -0.06002
-0.383646 0.252693 -0.111765
0.0658071 0.418992 -0.0943979
-0.297097 -0.280458 -0.0872698
-0.0905974 0.234494 -0.0321132
-0.368363 0.163158 -0.0847471
0.259772 0.260144 -0.0700301
0.0138332 0.348365 -0.062743
0.136965 -0.357922 -0.0763484
-0.168896 -0.350203 -0.0786794
-0.277863 0.0205561 -0.0395992
0.260633 0.097629 -0.0395111
0.0946581 -0.328334 -0.0601933
0.0976652 0.378758 -0.0796719
0.0361192 0.213871 -0.0238061
0.430994 0.182571 -0.116308
-0.213458 -0.328468 -0.0799215
-0.443823 0.173577 -0.120857
0.324772 0.20834 -0.0774396
0.33251 0.234462 -0.0865099
0.046627 0.411188 -0.0896429
0.382484 0.164563 -0.090811
0.0732097 0.335019 -0.0606372
0.295123 0.26781 -0.0828413
0.333079 0.115109 -0.0641536
-0.322206 0.169716 -0.0686678
0.401902 0.129351 -0.0934996
-0.330068 0.214441 -0.0807229
0.47301 -0.00264316 -0.118947
-0.196781 0.262343 -0.0553023
0.03663 0.025641 -0.00100011
-0.17646 0.160492 -0.0288645
-0.478216 0.0248485 -0.122109
0.31734 0.140237 -0.0621145
-0.00389383 0.389257 -0.0788792
0.288467 0.376222 -0.119521
-0.256085 0.0479803 -0.0345372
0.293093 0.0482229 -0.045133
-0.309299 0.361799 -0.120548
-0.0338576 0.389402 -0.0795548
0.335938 0.0672135 -0.0605172
-0.160026 0.297146 -0.0586731
0.398621 0.0708107 -0.085622
-0.223497 0.0761187 -0.0282722
0.18679 0.080601 -0.0209122
-0.393261 0.0768058 -0.0837867
0.0835781 0.235857 -0.0318129
-0.0153067 0.132365 -0.0089171
-0.345538 0.191098 -0.0812592
-0.372635 -0.226761 -0.100154
-0.382061 0.0906869 -0.0803232
-0.179319 0.102362 -0.0215488
-0.255391 0.387542 -0.114231
-0.0346624 0.32579 -0.0551936
0.416439 0.103869 -0.096789
-0.130189 0.305033 -0.0565989
-0.435533 0.128817 -0.109092
0.180445 0.232252 -0.0442289
-0.26478 0.141482 -0.0461267
-0.413272 0.156517 -0.102944
-0.0702874 0.155255 -0.0146292
-0.288556 0.162501 -0.0564276
0.133684 0.323584 -0.0632918
-0.238132 0.179125 -0.0454282
0.350954 0.315999 -0.118538
-0.287855 0.27559 -0.0828362
-0.393541 0.263504 -0.119267
0.0695099 0.389267 -0.0815016
-0.139564 0.205724 -0.0313929
0.229571 0.206061 -0.0487715
-0.421345 0.20126 -0.115713
0.0187547 0.421399 -0.0933186
-0.121328 0.300351 -0.0539194
0.244013 0.348781 -0.0951192
0.253825 0.249363 -0.0654461
0.101068 0.324397 -0.0594937
-0.182544 0.383057 -0.0944919
-0.322704 0.28315 -0.0968456
-0.272763 0.299561 -0.0857443
-0.0580506 0.34637 -0.0636997
0.0107055 0.397327 -0.0823854
-0.225556 0.406104 -0.114447
