36.9 0 0 4.83429e-15 78.95 0 4.83429e-15 4.83429e-15 78.95
-0.221148 -0.727564 -0.350582
-0.0178892 -0.741945 -0.329777
0.177922 -0.712481 -0.32124
0.00573844 -0.720034 -0.306085
0.238195 -0.681599 -0.308128
-0.306298 -0.667501 -0.321307
-0.205851 -0.682915 -0.299106
-0.334086 -0.656871 -0.324051
-0.139111 -0.690584 -0.290252
0.317267 -0.659936 -0.318952
-0.227282 -0.668378 -0.291753
0.0787202 -0.681563 -0.272488
0.0468244 -0.680576 -0.26882
0.0962112 -0.663942 -0.258431
0.171879 -0.652971 -0.262378
0.215045 -0.640306 -0.262597
0.081441 -0.645388 -0.240499
-0.51296 -0.55649 -0.346402
0.0491511 -0.644348 -0.236848
-0.113492 -0.633577 -0.23469
-0.246211 -0.616909 -0.252468
0.0664976 -0.626301 -0.22326
-0.0365819 -0.626779 -0.221662
0.358715 -0.578172 -0.26717
-0.223059 -0.595978 -0.228602
-0.0193889 -0.609725 -0.207624
0.370871 -0.565156 -0.263079
0.202268 -0.584398 -0.214146
0.417172 -0.541929 -0.270424
-0.00197146 -0.591775 -0.193899
0.28258 -0.564268 -0.224275
-0.463536 -0.518713 -0.281619
-0.299568 -0.558372 -0.226385
-0.198737 -0.573203 -0.205052
0.112169 -0.578246 -0.191885
-0.327084 -0.547287 -0.229615
0.25641 -0.558006 -0.21077
0.187269 -0.56551 -0.196801
-0.584733 -0.467118 -0.336759
0.0155043 -0.573602 -0.181013
-0.114863 -0.564054 -0.18229
-0.247669 -0.547325 -0.200566
-0.0761546 -0.561299 -0.175898
-0.275808 -0.536874 -0.202695
-0.475702 -0.490862 -0.270094
0.140431 -0.546603 -0.174467
-0.202709 -0.540967 -0.18375
-0.0975171 -0.546367 -0.168151
-0.0587149 -0.54349 -0.16264
-0.331002 -0.514453 -0.20894
0.183809 -0.534127 -0.17482
0.0114615 -0.541193 -0.15918
0.436669 -0.483455 -0.241323
-0.118831 -0.531464 -0.161295
-0.0801559 -0.528548 -0.154889
-0.189526 -0.490153 -0.149218
-0.29222 -0.47609 -0.170575
-0.0127724 -0.493773 -0.130503
-0.318321 -0.463939 -0.1733
0.234674 -0.47386 -0.151245
0.444624 -0.436061 -0.217594
0.133619 -0.480354 -0.133163
0.101539 -0.4798 -0.128517
-0.380173 -0.445517 -0.189455
0.0692197 -0.47821 -0.124486
-0.172027 -0.472359 -0.135544
0.176291 -0.467394 -0.133707
-0.133584 -0.469245 -0.127094
-0.506045 -0.403542 -0.237719
0.0464977 -0.464864 -0.11584
-0.0559982 -0.463678 -0.115768
0.0156435 -0.462236 -0.113381
0.18794 -0.45432 -0.129212
0.429931 -0.417511 -0.199473
-0.183459 -0.444173 -0.123043
0.198644 -0.441704 -0.125107
0.267953 -0.433775 -0.139744
0.439443 -0.402978 -0.197193
-0.0057727 -0.44725 -0.10561
-0.523009 -0.379077 -0.236611
-0.0270048 -0.432384 -0.0987148
-0.339252 -0.406268 -0.151558
-0.165233 -0.426209 -0.110593
-0.441992 -0.385133 -0.189867
-0.194639 -0.415678 -0.111559
0.151285 -0.420103 -0.105223
-0.0878645 -0.420281 -0.09687
0.289879 -0.405521 -0.133096
0.119382 -0.419278 -0.100026
0.629302 -0.328572 -0.295713
0.0869512 -0.418588 -0.0959957
0.0547477 -0.416684 -0.0925985
0.399254 -0.379092 -0.165204
0.162456 -0.406323 -0.100828
0.230924 -0.400389 -0.113229
-0.322241 -0.388947 -0.136935
0.129763 -0.406587 -0.0956499
0.300098 -0.391196 -0.129996
0.337654 -0.38306 -0.140201
-0.175823 -0.397347 -0.0993325
0.373496 -0.373935 -0.151075
0.0334822 -0.401896 -0.0849269
-0.418176 -0.36314 -0.167378
0.173574 -0.392827 -0.0969167
0.476025 -0.351692 -0.193952
-0.137418 -0.394334 -0.0913653
-0.204381 -0.386449 -0.100619
-0.0988139 -0.39181 -0.0852754
0.347471 -0.368742 -0.137855
-0.059356 -0.388893 -0.0806311
0.452293 -0.347088 -0.17844
0.0122241 -0.387105 -0.0780452
0.184555 -0.379234 -0.0932912
-0.0641216 -0.385144 -0.0793738
-0.36664 -0.352762 -0.139108
-0.401413 -0.346049 -0.151992
-0.579945 -0.308191 -0.24589
-0.434994 -0.338395 -0.165572
0.0221452 -0.374106 -0.0728784
0.195499 -0.365227 -0.0898411
0.264544 -0.357741 -0.104434
-0.147422 -0.365396 -0.0808958
0.564893 -0.305467 -0.233459
-0.287131 -0.352958 -0.109508
-0.21406 -0.357532 -0.0909622
0.436033 -0.327844 -0.16191
-0.0699084 -0.359975 -0.0696608
0.00184026 -0.358221 -0.0663648
0.20616 -0.351251 -0.0866979
-0.349552 -0.335141 -0.125075
-0.242018 -0.346518 -0.0937149
0.274715 -0.343616 -0.101969
-0.492911 -0.310819 -0.187331
-0.38548 -0.328315 -0.137669
0.410691 -0.322883 -0.14731
0.3124 -0.335489 -0.111263
0.478493 -0.309842 -0.17839
-0.451874 -0.313572 -0.164846
-0.269954 -0.335903 -0.0976175
-0.632474 -0.270492 -0.274183
0.34928 -0.326868 -0.121842
-0.0601834 -0.346495 -0.0638808
0.216795 -0.337391 -0.0839393
0.580272 -0.281777 -0.235875
0.384926 -0.317688 -0.133452
0.550074 -0.286565 -0.21559
0.518351 -0.291015 -0.195872
0.322318 -0.321291 -0.10956
0.005644 -0.339284 -0.0593329
-0.331915 -0.317111 -0.11159
-0.509413 -0.28572 -0.188296
-0.185642 -0.325462 -0.0728476
0.128217 -0.329052 -0.0644333
-0.00858339 -0.329967 -0.0560464
0.195726 -0.323686 -0.074301
-0.435845 -0.296223 -0.150123
-0.147753 -0.323229 -0.0652851
-0.288046 -0.310723 -0.094196
-0.213948 -0.314919 -0.0753097
0.595621 -0.258271 -0.239387
-0.0691561 -0.317188 -0.0541623
0.00197489 -0.316155 -0.0512945
0.565636 -0.262985 -0.218402
0.436954 -0.285485 -0.147023
-0.314845 -0.300242 -0.099596
0.53467 -0.267663 -0.198449
0.207056 -0.308982 -0.0717447
-0.24139 -0.303513 -0.0782566
0.0763569 -0.313316 -0.0534258
0.275464 -0.301203 -0.0870946
-0.34941 -0.292421 -0.10983
0.313069 -0.293082 -0.0966226
0.411433 -0.280504 -0.132798
-0.0595099 -0.304126 -0.0492288
-0.451703 -0.271167 -0.15004
-0.269374 -0.293472 -0.0827695
0.0122521 -0.302917 -0.0470618
0.349886 -0.284269 -0.10738
-0.157819 -0.294732 -0.0575425
0.385288 -0.275187 -0.119191
0.176055 -0.292902 -0.060206
-0.632703 -0.227946 -0.259914
-0.331437 -0.274449 -0.097322
0.55031 -0.244074 -0.20151
-0.185345 -0.283659 -0.0591574
0.0227432 -0.289409 -0.0430647
-0.0672196 -0.285781 -0.0440655
-0.0587186 -0.285755 -0.0434979
-0.00858075 -0.286496 -0.0419571
0.196719 -0.280478 -0.0605139
0.428074 -0.257713 -0.13378
-0.146997 -0.280646 -0.0515119
0.265772 -0.272691 -0.0753353
-0.434235 -0.253539 -0.135617
-0.286186 -0.267781 -0.080005
-0.107673 -0.277467 -0.0453174
-0.213239 -0.272487 -0.0617675
-0.0685643 -0.274126 -0.0407536
-0.578886 -0.222948 -0.215663
0.00254409 -0.273289 -0.0380714
0.170585 -0.269777 -0.0523073
0.206923 -0.266252 -0.0585688
-0.241216 -0.261735 -0.0654895
0.174981 -0.26614 -0.0520806
0.594626 -0.215898 -0.225528
-0.348297 -0.249541 -0.0964411
-0.264869 -0.257881 -0.0708382
0.564838 -0.220477 -0.204797
-0.0954724 -0.264197 -0.0402684
0.376289 -0.246813 -0.106977
0.312592 -0.250059 -0.0836177
-0.38271 -0.242724 -0.108586
-0.238057 -0.254092 -0.0625746
-0.0587757 -0.261046 -0.0364647
-0.416923 -0.235571 -0.122115
-0.491933 -0.225242 -0.159007
-0.451681 -0.229436 -0.137826
-0.23076 -0.247619 -0.0590244
-0.0347281 -0.256619 -0.0341115
0.185946 -0.251166 -0.0500844
-0.303871 -0.242981 -0.078793
0.477957 -0.224499 -0.15079
0.153452 -0.251079 -0.0442742
0.255196 -0.243859 -0.0643678
-0.0464408 -0.247124 -0.0321297
-0.0980513 -0.247041 -0.0359685
0.0561932 -0.247434 -0.032726
-0.25776 -0.236011 -0.0630587
0.292125 -0.23584 -0.0731545
-0.0705472 -0.245002 -0.0330474
-0.365721 -0.225676 -0.0970501
0.579053 -0.196759 -0.208809
0.16477 -0.236206 -0.0423687
-0.400074 -0.218337 -0.109905
-0.167885 -0.235084 -0.0426339
0.132231 -0.235969 -0.0372779
-0.150703 -0.23426 -0.0395776
0.427286 -0.214305 -0.121649
-0.179959 -0.232778 -0.0442651
-0.434265 -0.212036 -0.124526
0.229207 -0.228949 -0.0539309
-0.0357901 -0.233817 -0.0283783
0.0678685 -0.233446 -0.0300016
0.366082 -0.218288 -0.0953817
-0.296832 -0.223184 -0.0715177
0.64426 -0.177964 -0.256186
-0.21624 -0.226055 -0.0501898
-0.177733 -0.228149 -0.0427334
0.000307171 -0.232114 -0.0273115
0.302157 -0.221392 -0.0728072
0.525983 -0.196582 -0.172536
-0.320213 -0.218122 -0.0781073
0.0599404 -0.228357 -0.0282694
0.401006 -0.209173 -0.108125
-0.134902 -0.22416 -0.0348296
0.30118 -0.216133 -0.0712499
-0.0502903 -0.225128 -0.0269697
0.111206 -0.22017 -0.0308982
0.124502 -0.223463 -0.0332717
0.143295 -0.221443 -0.0354123
0.468574 -0.196026 -0.138599
-0.0246968 -0.219863 -0.024782
-0.274783 -0.211204 -0.061977
-0.201626 -0.215004 -0.0444267
-0.538478 -0.183576 -0.1776
-0.162693 -0.212612 -0.0365027
-0.457052 -0.189663 -0.131017
0.443258 -0.190952 -0.12418
-0.123892 -0.209893 -0.0301569
0.685768 -0.153665 -0.288587
0.250815 -0.203176 -0.053527
0.318828 -0.198348 -0.0731739
-0.0595551 -0.208006 -0.0236872
0.0918919 -0.206513 -0.0258808
-0.337006 -0.193249 -0.0785438
-0.190449 -0.201539 -0.0392132
-0.0136794 -0.205625 -0.0214647
0.122974 -0.204887 -0.0289703
0.22334 -0.200023 -0.0460029
-0.264127 -0.198735 -0.056209
-0.0505099 -0.205846 -0.02272
0.540044 -0.173025 -0.176341
-0.157414 -0.201334 -0.0332088
0.600472 -0.163591 -0.217267
0.355625 -0.189378 -0.0847585
-0.37118 -0.186265 -0.0903128
-0.315489 -0.189675 -0.0702204
-0.113322 -0.196152 -0.0259966
0.483618 -0.172379 -0.141863
-0.218578 -0.191464 -0.0431483
0.390949 -0.180665 -0.0974932
-0.291604 -0.186423 -0.0618029
-0.481249 -0.168819 -0.139826
-0.440236 -0.172264 -0.118798
-0.00266959 -0.192228 -0.0186532
-0.180525 -0.187808 -0.0345265
0.20219 -0.185111 -0.0383073
0.458766 -0.167379 -0.12735
0.239497 -0.17834 -0.0456227
0.270538 -0.177635 -0.0538209
-0.207516 -0.176802 -0.0378784
-0.591114 -0.145832 -0.206705
0.432844 -0.162173 -0.113238
-0.281618 -0.172086 -0.0560307
-0.147573 -0.177412 -0.0269907
0.307845 -0.169042 -0.0637006
-0.38874 -0.16282 -0.0931535
-0.23562 -0.16666 -0.0425515
0.180652 -0.170177 -0.031287
-0.544148 -0.144625 -0.17357
0.148507 -0.169582 -0.0257373
0.406382 -0.156775 -0.0998471
-0.504401 -0.14791 -0.149293
0.249859 -0.162684 -0.045482
0.344155 -0.160285 -0.0748698
0.116043 -0.168616 -0.0211727
0.530501 -0.144126 -0.164658
-0.196868 -0.163174 -0.0332441
0.0517369 -0.165659 -0.0151749
-0.343029 -0.154522 -0.073472
0.473577 -0.143714 -0.131052
-0.163435 -0.1607 -0.0266221
-0.249282 -0.15386 -0.0438696
-0.119357 -0.1571 -0.0196564
-0.224137 -0.151795 -0.0373366
-0.297534 -0.147533 -0.0567568
-0.0805151 -0.154657 -0.0153181
0.225939 -0.150604 -0.0375706
-0.411399 -0.140263 -0.0994018
0.447756 -0.138454 -0.116629
0.323958 -0.145714 -0.0652174
0.228804 -0.14777 -0.0378084
-0.526936 -0.126897 -0.159622
0.421698 -0.133308 -0.103117
0.36042 -0.136844 -0.0773021
-0.25271 -0.140199 -0.0426694
0.265186 -0.139841 -0.0459975
-0.213834 -0.138023 -0.0329298
-0.068954 -0.140713 -0.0123537
0.574438 -0.115874 -0.189695
-0.286056 -0.133785 -0.0511726
0.0022957 -0.139831 -0.00982724
0.604034 -0.111271 -0.210847
0.302459 -0.131658 -0.0559742
0.207112 -0.13262 -0.0307134
-0.241457 -0.127723 -0.0380305
0.462537 -0.114865 -0.120872
0.243635 -0.12451 -0.0381583
0.611296 -0.101252 -0.215102
0.494823 -0.110331 -0.138039
-0.349147 -0.116002 -0.0701396
0.31268 -0.117149 -0.0573932
0.376028 -0.113215 -0.0803343
-0.63351 -0.0942602 -0.232028
-0.226193 -0.118916 -0.0332033
0.281336 -0.116836 -0.0475298
-0.382872 -0.108393 -0.0825796
-0.0416662 -0.118733 -0.00794837
0.153859 -0.116656 -0.0188176
-0.230276 -0.113178 -0.0334786
-0.304043 -0.109375 -0.0536411
0.0891825 -0.114524 -0.0105907
-0.417639 -0.102247 -0.0971584
-0.338314 -0.10166 -0.064474
-0.038823 -0.106992 -0.00649842
0.291381 -0.101621 -0.0488057
-0.219054 -0.0991967 -0.0293429
0.417491 -0.0947443 -0.0962717
-0.0746745 -0.102189 -0.00804182
-0.0514139 -0.101515 -0.00649542
-0.00383314 -0.101094 -0.00513053
0.508932 -0.086742 -0.143575
-0.29246 -0.0950508 -0.0484578
0.0291937 -0.0988211 -0.00532311
0.328009 -0.0931111 -0.0599255
0.39084 -0.0897326 -0.0839257
0.540696 -0.0819894 -0.162787
0.201899 -0.0944966 -0.0251629
0.484046 -0.0816254 -0.128773
-0.440971 -0.0806615 -0.106111
0.270197 -0.0866832 -0.0411051
-0.482292 -0.0773982 -0.127415
-0.208203 -0.0854411 -0.0256534
-0.251345 -0.0829331 -0.035662
-0.061029 -0.0854721 -0.0055303
0.00199258 -0.0860132 -0.003708
0.458709 -0.076274 -0.114693
-0.561844 -0.0708813 -0.175799
-0.0731904 -0.0845103 -0.00626907
0.307125 -0.0780746 -0.0515388
0.27117 -0.0767176 -0.0405307
0.370564 -0.0742979 -0.0741694
-0.0915108 -0.0772487 -0.0071967
0.148142 -0.0781054 -0.014123
0.432149 -0.071201 -0.101013
-0.0517726 -0.0777584 -0.00437295
-0.645646 -0.0592887 -0.238668
0.115735 -0.077173 -0.0097224
-0.236723 -0.0742842 -0.0312668
0.0834327 -0.0756553 -0.00636261
0.125266 -0.0758575 -0.0107811
-0.301843 -0.0713016 -0.0493125
-0.278391 -0.0708046 -0.0421455
-0.197065 -0.0717953 -0.022242
0.224858 -0.072005 -0.0282725
0.248837 -0.0719616 -0.0341317
-0.306625 -0.0692992 -0.0506957
0.663694 -0.0544594 -0.253981
-0.232943 -0.0340939 -0.0281075
-0.121025 -0.0357122 -0.00799313
0.104359 -0.0357803 -0.00610415
0.426618 -0.0321652 -0.0961402
0.271561 -0.0333439 -0.0381564
-0.356872 -0.0284308 -0.0662794
-0.277012 -0.0294404 -0.0395847
-0.476217 -0.0250798 -0.12103
0.399211 -0.0273231 -0.083548
-0.516887 -0.0221127 -0.144232
0.0816983 -0.0259043 -0.00367959
-0.390548 -0.0215437 -0.0796694
0.547808 -0.0199758 -0.163634
-0.311252 -0.0215481 -0.0499168
0.49126 -0.0191577 -0.129198
0.270347 -0.0192514 -0.0374295
-0.425107 -0.0147338 -0.094977
0.189477 -0.016422 -0.0182522
0.523729 -0.01448 -0.148238
0.465895 -0.0140536 -0.115271
0.226133 -0.00768433 -0.0259339
0.472761 -0.00371448 -0.118817
0.125987 -0.00297608 -0.00797263
0.111666 0.000941462 -0.00625461
0.447094 0.00111341 -0.105514
0.358568 0.00286317 -0.066501
0.204465 0.00692005 -0.0211506
0.2557 0.0070088 -0.0332693
0.419953 0.00621242 -0.0924755
0.172919 0.00839281 -0.0150998
-0.622875 0.0108408 -0.217754
-0.576745 0.0115656 -0.183158
0.129875 0.0152017 -0.00858619
-0.204926 0.0157516 -0.0213494
-0.277809 0.0200228 -0.0395724
-0.165626 0.0186159 -0.013987
0.0833783 0.0186159 -0.00365593
0.337305 0.0179507 -0.0587757
-0.0479867 0.0209712 -0.0013722
0.399969 0.0214568 -0.0837226
0.278985 0.0247109 -0.0400225
-0.47818 0.0235211 -0.122053
0.516985 0.0239584 -0.144341
-0.658463 0.0237114 -0.247761
0.188592 0.0322633 -0.0184745
0.315901 0.0330566 -0.051784
0.492144 0.0290529 -0.129971
-0.267232 0.033762 -0.0369595
0.548702 0.0287934 -0.164478
-0.0449591 0.0359499 -0.00165824
-0.425691 0.0342699 -0.0957808
0.466114 0.034406 -0.115945
0.256899 0.0393904 -0.0343649
-0.256232 0.0473868 -0.0345468
0.293513 0.0478538 -0.0452434
-0.548947 0.0435335 -0.165277
-0.415444 0.0482127 -0.09166
0.140049 0.055643 -0.0114201
0.203571 0.0556304 -0.0225215
-0.290497 0.0544535 -0.0446747
-0.206306 0.063998 -0.0236076
0.211667 0.0638251 -0.0247443
-0.490687 0.0578642 -0.130587
-0.404498 0.062058 -0.0875692
-0.166994 0.0671541 -0.0163317
0.641406 0.0520495 -0.234566
-0.128411 0.0698902 -0.0107448
0.336773 0.06592 -0.0607245
-0.279003 0.068704 -0.0421707
-0.577654 0.0601628 -0.185939
-0.438744 0.0683951 -0.103995
0.398692 0.0701627 -0.0856032
0.54092 0.0670071 -0.161599
0.697008 0.0571824 -0.28522
0.647496 0.061526 -0.240419
-0.478967 0.0720818 -0.125131
-0.393801 0.0758871 -0.0839421
0.187169 0.0806728 -0.0209905
0.217647 0.0812528 -0.0273604
0.516178 0.0722348 -0.14657
-0.268513 0.0823639 -0.0402517
-0.0460681 0.0854172 -0.00472032
0.314442 0.0814619 -0.0542251
0.255279 0.0876885 -0.0371172
0.0308604 0.089647 -0.00450462
0.490896 0.0774628 -0.132232
-0.428044 0.0826123 -0.100026
0.547593 0.0771147 -0.166816
-0.302556 0.0894945 -0.0510791
0.464818 0.0827543 -0.11847
-0.468711 0.0860758 -0.120852
-0.0736149 0.0965307 -0.00739602
-0.00296761 0.0978384 -0.00480211
0.437881 0.0878306 -0.105267
-0.218529 0.0991863 -0.0292234
0.178722 0.0999278 -0.0211881
-0.179667 0.101885 -0.0215628
-0.417037 0.0965755 -0.096256
0.35611 0.100099 -0.0709328
-0.29208 0.103294 -0.0492006
0.44459 0.0983898 -0.109686
-0.549257 0.0921913 -0.169448
-0.371433 0.103646 -0.0773434
-0.457896 0.0996638 -0.116599
0.298167 0.106651 -0.0514631
0.41745 0.102925 -0.0971478
-0.325828 0.110472 -0.0610474
0.239119 0.112683 -0.0355704
-0.168065 0.116823 -0.0211709
-0.405954 0.110254 -0.0927813
0.0128606 0.121179 -0.00745263
0.334076 0.114737 -0.0644634
-0.280099 0.117793 -0.0472831
-0.460532 0.109997 -0.119199
-0.242307 0.120302 -0.0372879
-0.538973 0.105842 -0.164353
-0.359916 0.117564 -0.0744518
0.254858 0.121513 -0.0406866
0.27576 0.12115 -0.0464388
0.396311 0.117966 -0.0894936
-0.315237 0.124124 -0.0591393
0.152935 0.130223 -0.0203812
0.1889 0.128721 -0.0264766
0.120932 0.131469 -0.0160837
-0.632321 0.103665 -0.23226
0.0886252 0.133054 -0.0128616
-0.394826 0.124155 -0.0896714
0.312414 0.129197 -0.0588806
-0.230711 0.134003 -0.0362491
-0.191761 0.136753 -0.0281326
0.203466 0.135748 -0.0303743
-0.15287 0.139349 -0.0216275
-0.168492 0.139217 -0.0241778
-0.0510682 0.140697 -0.0112653
0.222262 0.13743 -0.0347475
0.374699 0.133045 -0.0824489
0.487624 0.125836 -0.136062
0.0282257 0.144976 -0.0109675
0.318122 0.14029 -0.0623874
0.259288 0.146107 -0.0453157
0.494145 0.135846 -0.1413
-0.219034 0.153556 -0.0364418
0.224872 0.153855 -0.037835
-0.254237 0.154841 -0.0453337
0.295358 0.154325 -0.0571598
0.468006 0.140752 -0.127556
0.550242 0.135059 -0.17599
-0.0981866 0.165862 -0.0187512
0.20519 0.162379 -0.0348419
0.1736 0.163847 -0.0289093
0.192201 0.164185 -0.0324762
-0.28858 0.16182 -0.0563179
0.359275 0.158378 -0.0803055
-0.413673 0.155319 -0.102921
0.242096 0.170902 -0.0449178
-0.203899 0.171704 -0.0361832
-0.164882 0.17479 -0.029298
0.419886 0.161077 -0.106832
0.0159341 0.179716 -0.0164105
-0.277285 0.175733 -0.0554203
0.336386 0.172932 -0.0742897
-0.402185 0.169258 -0.100223
-0.357205 0.175851 -0.0826774
0.426455 0.171442 -0.111888
-0.0830837 0.189424 -0.021626
0.123928 0.190014 -0.0260716
-0.311872 0.1829 -0.0676463
-0.639144 0.148428 -0.245372
0.128297 0.193467 -0.0273178
0.284653 0.189795 -0.0603453
-0.22735 0.192713 -0.0454458
-0.188307 0.19519 -0.0374817
-0.149305 0.197799 -0.0311947
0.59064 0.160188 -0.209125
0.128119 0.198992 -0.0284097
-0.346328 0.189767 -0.0812807
0.193648 0.197536 -0.0390214
0.404721 0.18619 -0.104715
-0.26224 0.199346 -0.0558117
0.618598 0.163266 -0.231443
0.319762 0.197629 -0.0733421
-0.0672304 0.21379 -0.0254366
0.00370612 0.214599 -0.0233047
0.382352 0.20084 -0.0980739
-0.564225 0.181258 -0.194521
-0.42166 0.200089 -0.115598
0.325893 0.208273 -0.0778199
-0.211749 0.216138 -0.0468752
0.267397 0.214647 -0.060625
-0.173312 0.218646 -0.0397101
-0.134053 0.22153 -0.0341043
0.0439653 0.222609 -0.0260841
-0.0938833 0.225022 -0.0301799
-0.0240431 0.225919 -0.0261507
0.111793 0.224743 -0.032016
0.230931 0.219889 -0.0522027
0.463574 0.201538 -0.137167
0.152326 0.225687 -0.0377828
0.172112 0.225082 -0.0409818
0.388387 0.211489 -0.103101
-0.285349 0.220494 -0.0672844
-0.0395234 0.230432 -0.0277145
-0.0503389 0.233375 -0.028917
0.525425 0.197781 -0.172466
-0.409579 0.213786 -0.113129
0.0514546 0.236777 -0.0297996
0.500098 0.203394 -0.158256
0.181124 0.231922 -0.0442771
0.212707 0.230325 -0.0504179
-0.364915 0.220583 -0.095467
-0.319128 0.227457 -0.079989
0.221395 0.23625 -0.0538657
0.365893 0.225796 -0.09715
-0.23511 0.23721 -0.0574213
-0.196529 0.239595 -0.0492263
0.216117 0.239236 -0.0533958
0.308838 0.233075 -0.0778856
-0.157526 0.24243 -0.0427052
-0.118292 0.245411 -0.0378251
0.248532 0.238854 -0.0612878
-0.0486992 0.248011 -0.0324676
0.479729 0.218399 -0.150199
0.124926 0.248149 -0.0393671
-0.353662 0.234656 -0.0945392
-0.209729 0.246628 -0.053856
-0.26996 0.244005 -0.0685586
0.371519 0.23662 -0.102234
-0.439989 0.230777 -0.132157
0.255442 0.249482 -0.0659187
0.560361 0.212376 -0.199443
-0.590421 0.20795 -0.220154
0.51122 0.223416 -0.170097
-0.0587586 0.262082 -0.036745
0.458766 0.233481 -0.142667
0.15561 0.261645 -0.0474625
-0.219285 0.260654 -0.0598013
-0.181005 0.263273 -0.0524111
0.348591 0.25056 -0.0968365
-0.14193 0.266078 -0.0465545
0.290785 0.257244 -0.0784415
0.104197 0.268554 -0.0423874
0.168935 0.266838 -0.0511805
0.565533 0.221986 -0.205711
-0.42875 0.24462 -0.130325
-0.0322743 0.270169 -0.0377283
0.0716359 0.270152 -0.0398509
0.201133 0.265364 -0.0570645
-0.383913 0.251364 -0.111503
-0.179873 0.268141 -0.0535614
-0.338431 0.258102 -0.0950978
0.46445 0.243949 -0.148663
-0.52066 0.236625 -0.179682
0.354784 0.261098 -0.10225
-0.469564 0.247472 -0.152493
0.296761 0.267994 -0.0834238
-0.0768357 0.280386 -0.0431929
0.205833 0.275511 -0.0609972
-0.0588491 0.282328 -0.0424888
0.109979 0.280351 -0.0464237
-0.624913 0.220678 -0.251144
-0.16369 0.279175 -0.0538144
0.570634 0.231858 -0.212206
0.207091 0.281119 -0.0629377
0.151002 0.284456 -0.0532777
0.442634 0.2586 -0.141396
-0.203728 0.284398 -0.0631902
0.181632 0.285203 -0.0589001
-0.508993 0.250173 -0.176386
-0.164995 0.287075 -0.0564085
0.242974 0.284032 -0.0724821
-0.125906 0.29067 -0.0514968
0.086625 0.295239 -0.0485116
0.0804944 0.298331 -0.0489378
-0.277277 0.288976 -0.0836976
0.420147 0.273281 -0.134671
0.33656 0.285186 -0.102561
-0.0827031 0.302321 -0.0503884
0.124081 0.302873 -0.0550812
-0.401803 0.282002 -0.128777
-0.356956 0.288873 -0.111667
-0.604215 0.24848 -0.242912
-0.311562 0.296105 -0.0970876
-0.187987 0.308752 -0.0676196
0.284259 0.302234 -0.0901366
0.0638284 0.314854 -0.0530085
0.161247 0.311504 -0.0635362
0.342542 0.295564 -0.1082
-0.149023 0.311758 -0.0615977
0.0961567 0.314196 -0.055524
0.192394 0.309355 -0.068719
-0.108151 0.314626 -0.0569657
-0.038867 0.315964 -0.0520253
0.584641 0.261254 -0.231924
-0.344963 0.302992 -0.111633
0.169121 0.318185 -0.0671783
-0.135017 0.32037 -0.062379
-0.261541 0.312901 -0.086934
-0.106235 0.323255 -0.0596703
0.0359591 0.325704 -0.0552122
0.431047 0.293874 -0.146867
0.402309 0.298122 -0.134396
-0.0487998 0.326591 -0.0560949
-0.431324 0.298866 -0.148743
-0.0144605 0.332276 -0.0569285
0.087343 0.332154 -0.0608275
-0.295937 0.319736 -0.0998941
-0.0628123 0.335848 -0.0601805
-0.0692248 0.335827 -0.0606236
0.0083376 0.337 -0.0585324
0.235272 0.328614 -0.0853087
0.408262 0.30808 -0.140693
0.435569 0.303842 -0.152675
-0.523245 0.290808 -0.198972
-0.472446 0.30183 -0.171934
0.11138 0.341605 -0.0667796
-0.207096 0.338702 -0.082181
-0.168524 0.341425 -0.0753225
-0.129106 0.344268 -0.0700477
0.413401 0.317845 -0.146727
0.328638 0.329515 -0.114891
-0.513423 0.304879 -0.197849
-0.280013 0.34349 -0.103558
-0.0859556 0.356718 -0.0697505
0.120432 0.356359 -0.0734449
0.152758 0.355075 -0.0777275
0.275809 0.346095 -0.103257
0.334362 0.339784 -0.120939
-0.092865 0.359145 -0.07135
-0.559877 0.30375 -0.229108
-0.405403 0.336625 -0.150099
-0.359982 0.343487 -0.132573
-0.153137 0.36415 -0.0813361
0.0692313 0.3681 -0.072795
0.0932615 0.368359 -0.0750058
-0.0422139 0.369715 -0.0718142
0.0608576 0.369389 -0.07272
-0.151324 0.366158 -0.0818337
0.0309451 0.370412 -0.0716482
0.158109 0.365873 -0.0828637
0.189648 0.363646 -0.0879718
0.281244 0.356885 -0.109194
0.423392 0.338519 -0.159676
-0.445582 0.339304 -0.17155
-0.310658 0.359718 -0.120173
-0.225614 0.369258 -0.0984752
-0.187687 0.372041 -0.0909571
-0.548785 0.317694 -0.226757
-0.14863 0.374923 -0.0849361
-0.0392825 0.379654 -0.0757058
0.0334076 0.380719 -0.075913
0.195167 0.374607 -0.0935897
-0.260564 0.376448 -0.110959
-0.389314 0.36017 -0.152231
0.037721 0.390042 -0.0799758
-0.0645272 0.391569 -0.0821166
0.404505 0.362037 -0.160176
-0.294331 0.383435 -0.124588
-0.0624045 0.399777 -0.0855142
0.00973333 0.401121 -0.0840268
0.436873 0.367653 -0.179041
-0.205795 0.402826 -0.10816
-0.16727 0.405618 -0.101393
-0.127705 0.408323 -0.0961397
-0.243878 0.401008 -0.116985
-0.522806 0.355154 -0.225055
-0.0842654 0.420816 -0.0967761
-0.0136732 0.422013 -0.0935132
-0.324914 0.400316 -0.143158
0.334042 0.403152 -0.148012
-0.569671 0.353706 -0.258133
0.417698 0.39093 -0.179815
0.0400309 0.456781 -0.111322
0.0716871 0.455971 -0.112897
0.136085 0.453016 -0.118945
0.16846 0.451057 -0.123548
0.199973 0.4484 -0.128824
-0.258159 0.442524 -0.141207
0.2897 0.439916 -0.149972
0.506184 0.396676 -0.234215
0.531759 0.390772 -0.248648
0.556356 0.384775 -0.263511
-0.0992599 0.462021 -0.118703
-0.254407 0.451153 -0.144583
0.204099 0.457913 -0.134749
-0.337661 0.441259 -0.16857
-0.383033 0.434569 -0.184871
0.294242 0.449814 -0.156739
0.510213 0.40555 -0.241573
0.0480247 0.474989 -0.12132
-0.054028 0.475927 -0.122176
0.208988 0.467692 -0.141171
-0.663303 0.358288 -0.342993
0.4879 0.420166 -0.234877
0.51342 0.414486 -0.248601
-0.159251 0.481274 -0.138017
0.213792 0.477626 -0.147846
0.303 0.469128 -0.170476
-0.156144 0.489725 -0.142219
0.0244671 0.495347 -0.13165
-0.194953 0.487026 -0.148649
0.389499 0.45878 -0.201369
0.218323 0.487247 -0.154468
-0.233109 0.48554 -0.157438
-0.363178 0.468231 -0.19448
-0.11281 0.502365 -0.142735
0.0293203 0.505618 -0.137741
0.222702 0.496948 -0.161283
-0.109041 0.512498 -0.148263
0.0339519 0.515875 -0.144009
0.396423 0.476364 -0.21519
0.226972 0.506543 -0.168196
-0.499821 0.453326 -0.26198
-0.25937 0.511036 -0.180507
0.200065 0.519209 -0.169099
0.290793 0.51116 -0.191202
-0.0602633 0.534054 -0.1567
0.431179 0.490647 -0.242801
-0.055801 0.544007 -0.162777
0.295323 0.520176 -0.198625
0.0156506 0.546315 -0.162566
0.3527 0.512636 -0.21718
-0.051654 0.554174 -0.169204
0.0194294 0.554883 -0.168299
0.213646 0.547218 -0.190736
-0.156284 0.559472 -0.186018
-0.195017 0.556082 -0.192076
-0.151921 0.569187 -0.191949
-0.190694 0.56658 -0.198362
0.390739 0.536083 -0.25171
-0.460679 0.520565 -0.281122
-0.186573 0.576611 -0.204569
-0.359043 0.547923 -0.244442
0.194909 0.577285 -0.207061
-0.309021 0.564324 -0.234465
0.285064 0.569537 -0.229048
-0.0334008 0.594099 -0.196302
0.0701169 0.593037 -0.197884
-0.182526 0.586568 -0.210936
-0.220321 0.583359 -0.218238
0.167422 0.588866 -0.2093
-0.305201 0.574194 -0.240294
0.0745342 0.602264 -0.20519
0.139693 0.600272 -0.212498
0.171093 0.598288 -0.217198
-0.216157 0.593327 -0.224604
-0.133977 0.608806 -0.218076
0.111152 0.610616 -0.215912
-0.21179 0.603142 -0.230998
0.266152 0.599551 -0.245214
-0.129547 0.618679 -0.22511
0.32434 0.592945 -0.262965
-0.119671 0.637743 -0.239104
-0.19789 0.632593 -0.251224
0.0268586 0.650362 -0.24085
-0.0390333 0.659557 -0.24936
0.0640347 0.659422 -0.250959
-0.14947 0.654599 -0.258948
-0.188153 0.651817 -0.265335
0.192162 0.652548 -0.267023
-0.0349245 0.668493 -0.257102
0.0676922 0.667533 -0.258504
0.100803 0.667105 -0.261888
0.164467 0.663343 -0.269982
-0.116447 0.677061 -0.273344
0.204686 0.687994 -0.303747
-0.499078 0.614376 -0.388884
0.115732 0.710537 -0.305923
0.267257 0.69036 -0.327708
