36.9 0 0 4.83429e-15 78.95 0 4.83429e-15 4.83429e-15 78.95
0.229677 -0.72271 -0.348127
0.203368 -0.717616 -0.333915
0.0701225 -0.722814 -0.312524
0.177245 -0.712114 -0.320678
-0.28504 -0.683209 -0.327707
0.194344 -0.693988 -0.306739
-0.00904474 -0.701932 -0.287813
-0.100905 -0.689186 -0.282476
-0.0239649 -0.682798 -0.269786
-0.276401 -0.643011 -0.285759
-0.0769707 -0.666888 -0.258828
0.171428 -0.65274 -0.262068
-0.137267 -0.655617 -0.257488
0.214463 -0.640052 -0.262207
-0.512505 -0.556446 -0.346007
0.0815132 -0.645355 -0.240479
0.0491451 -0.644261 -0.236775
0.269184 -0.614409 -0.258352
-0.245934 -0.616814 -0.252299
-0.0747956 -0.630616 -0.227518
-0.134645 -0.618928 -0.226179
-0.2224 -0.595517 -0.228055
-0.156202 -0.604282 -0.218691
-0.0191222 -0.609569 -0.207497
0.370109 -0.5651 -0.262652
-0.177392 -0.588906 -0.211507
0.381904 -0.551933 -0.258704
-0.00187561 -0.591664 -0.193817
0.282459 -0.563742 -0.223848
-0.299189 -0.558292 -0.226181
0.112149 -0.577454 -0.191316
-0.36255 -0.54155 -0.241527
0.0800339 -0.576905 -0.187119
0.04759 -0.574862 -0.183134
0.198037 -0.553588 -0.191099
-0.0759961 -0.561562 -0.176063
-0.275466 -0.536708 -0.202465
-0.474387 -0.490979 -0.269318
0.140456 -0.545962 -0.174047
-0.0972982 -0.546772 -0.168391
-0.433691 -0.493978 -0.24641
-0.0577648 -0.543882 -0.162829
0.183587 -0.533261 -0.174211
0.0117295 -0.5414 -0.159317
0.436664 -0.483126 -0.241111
-0.263051 -0.486195 -0.166682
-0.49627 -0.433105 -0.247579
-0.290611 -0.475372 -0.169598
-0.0125628 -0.494022 -0.130641
-0.151862 -0.488142 -0.140549
-0.217679 -0.479385 -0.14982
-0.318321 -0.464194 -0.173443
0.234389 -0.473974 -0.15123
0.443609 -0.435952 -0.216957
0.101441 -0.479544 -0.128365
0.0692663 -0.47832 -0.12455
-0.133576 -0.469701 -0.127338
0.144496 -0.467473 -0.127882
-0.0949481 -0.466993 -0.120851
0.047368 -0.464721 -0.115811
0.495424 -0.403544 -0.230775
0.187657 -0.454055 -0.129012
0.0157518 -0.46253 -0.113536
0.257029 -0.446938 -0.143155
0.429806 -0.417428 -0.199362
-0.18276 -0.443862 -0.12274
0.198871 -0.441099 -0.124853
0.26798 -0.433244 -0.139485
0.438892 -0.402944 -0.196875
-0.00551309 -0.447497 -0.105731
0.481984 -0.385248 -0.21306
0.583842 -0.357503 -0.271083
-0.0675066 -0.435846 -0.102514
0.278834 -0.419265 -0.136016
-0.0268656 -0.432838 -0.0989285
-0.373823 -0.399885 -0.163132
-0.44188 -0.385318 -0.189894
-0.126426 -0.422875 -0.102674
-0.193852 -0.415609 -0.111355
0.289271 -0.405131 -0.13271
-0.0877209 -0.420494 -0.0969553
0.119271 -0.419148 -0.0999501
0.0870861 -0.41807 -0.0957691
0.326454 -0.397528 -0.142446
-0.0176784 -0.420037 -0.0926654
0.363459 -0.388626 -0.15332
0.467277 -0.366421 -0.195396
-0.501098 -0.357951 -0.212109
0.398832 -0.37909 -0.165001
0.162296 -0.406486 -0.100873
0.231412 -0.40041 -0.113366
-0.321771 -0.388604 -0.136605
0.130149 -0.406367 -0.095607
0.299794 -0.391278 -0.129928
0.0972732 -0.405623 -0.0911504
0.336969 -0.382853 -0.13984
0.06531 -0.404094 -0.0876172
0.373255 -0.374052 -0.151021
0.0336361 -0.402243 -0.0850852
-0.137026 -0.394324 -0.0913018
0.173266 -0.392558 -0.0967406
0.242657 -0.386489 -0.1102
-0.203847 -0.38647 -0.100507
-0.0982341 -0.391535 -0.0850955
0.075564 -0.391575 -0.0829619
0.0441018 -0.389274 -0.0799342
0.451617 -0.347244 -0.178134
0.0122765 -0.387524 -0.0782221
0.184492 -0.378886 -0.0931327
-0.366714 -0.352869 -0.139184
-0.401007 -0.346015 -0.151786
0.426547 -0.342612 -0.162937
-0.260114 -0.364717 -0.105952
0.493549 -0.328881 -0.194862
-0.0479838 -0.375456 -0.0744027
-0.434765 -0.338424 -0.165465
0.022772 -0.374053 -0.0728724
0.195192 -0.36502 -0.089692
-0.0568375 -0.372108 -0.0735523
0.26407 -0.357573 -0.104228
-0.147355 -0.365516 -0.0809328
-0.287145 -0.353176 -0.109599
0.301072 -0.35021 -0.113034
-0.214074 -0.357892 -0.0911074
0.435812 -0.32797 -0.161845
0.0321766 -0.360729 -0.0678844
-0.177123 -0.354955 -0.0820488
-0.349261 -0.335107 -0.124946
0.00187906 -0.358748 -0.0665673
-0.242043 -0.347169 -0.0939708
0.374785 -0.332565 -0.134589
-0.492634 -0.31106 -0.187255
0.274718 -0.343859 -0.102063
-0.384648 -0.328574 -0.137397
0.410458 -0.32294 -0.14722
0.312127 -0.335381 -0.111127
0.477875 -0.309907 -0.178055
-0.632327 -0.270878 -0.274199
-0.270422 -0.336129 -0.0978419
-0.0596305 -0.346753 -0.0639408
0.348987 -0.326777 -0.121692
-0.0484773 -0.346601 -0.0632408
0.579934 -0.282151 -0.235757
0.384583 -0.317757 -0.133324
0.54967 -0.286877 -0.215421
0.518044 -0.291224 -0.195749
-0.0151002 -0.338988 -0.0593304
-0.331876 -0.317345 -0.111659
0.0654551 -0.333577 -0.0595522
-0.185738 -0.325936 -0.0730333
-0.43527 -0.296571 -0.149949
-0.0480774 -0.330178 -0.0573066
0.0153831 -0.330311 -0.0562533
0.195963 -0.323513 -0.0742907
-0.00979316 -0.329109 -0.0557587
-0.147804 -0.323431 -0.0653629
0.265264 -0.315839 -0.0890222
-0.287275 -0.310784 -0.0939719
-0.213531 -0.314701 -0.075139
-0.0394509 -0.323385 -0.0545553
-0.108558 -0.320396 -0.0589571
0.0302828 -0.321755 -0.0536615
0.595043 -0.258532 -0.239024
-0.0692197 -0.31778 -0.0543656
0.565384 -0.263214 -0.218297
0.00215972 -0.31569 -0.0511401
0.436722 -0.285534 -0.146921
0.534229 -0.267922 -0.198241
-0.314611 -0.300156 -0.0994855
0.206655 -0.308739 -0.0715744
-0.241412 -0.303677 -0.0783163
-0.000949345 -0.314233 -0.0506547
0.103241 -0.312554 -0.0557272
-0.349045 -0.292595 -0.109744
0.275385 -0.301562 -0.0871893
0.312894 -0.292926 -0.0965114
0.411313 -0.280583 -0.132766
-0.451576 -0.271332 -0.150025
-0.0591643 -0.303963 -0.0491551
0.349531 -0.284287 -0.107246
-0.16389 -0.299533 -0.0600956
0.0126239 -0.302719 -0.0470036
0.119635 -0.300899 -0.053878
0.378607 -0.277401 -0.116991
0.385258 -0.275436 -0.119255
-0.199927 -0.29069 -0.0643032
0.45391 -0.26262 -0.148532
-0.556332 -0.244337 -0.205775
-0.331685 -0.275034 -0.0975915
0.549945 -0.244416 -0.201363
-0.185233 -0.283551 -0.0591029
0.0232592 -0.289026 -0.0429613
-0.366098 -0.267662 -0.108748
0.00166203 -0.287606 -0.0422526
-0.114847 -0.284891 -0.048345
-0.00701457 -0.286916 -0.0420698
0.196601 -0.280194 -0.0604045
-0.146367 -0.280298 -0.0513115
0.428069 -0.257652 -0.13376
0.265325 -0.272577 -0.0751735
-0.434221 -0.253586 -0.135623
-0.286079 -0.267755 -0.079964
-0.213406 -0.273251 -0.0620278
-0.107514 -0.277393 -0.0452782
0.495027 -0.244003 -0.166087
-0.175898 -0.269739 -0.0532683
-0.0681037 -0.274377 -0.0407924
0.0341448 -0.27501 -0.039165
-0.578896 -0.223081 -0.215708
-0.2415 -0.261649 -0.0655389
0.175154 -0.265978 -0.0520672
0.594421 -0.216159 -0.225443
0.197401 -0.262572 -0.0554956
-0.348441 -0.249876 -0.0965896
0.375992 -0.246907 -0.106878
0.564588 -0.220711 -0.204684
-0.0587014 -0.265516 -0.0376823
-0.0974351 -0.264055 -0.0404266
-0.203217 -0.258299 -0.0555506
-0.382837 -0.242802 -0.108662
0.312246 -0.250018 -0.0834885
-0.058775 -0.261086 -0.0364754
-0.416809 -0.235619 -0.122074
-0.491487 -0.225441 -0.1588
-0.451475 -0.23035 -0.137962
-0.230685 -0.247444 -0.0589603
0.185871 -0.251358 -0.0501203
-0.303259 -0.243098 -0.0786219
0.116859 -0.253467 -0.0397404
0.477466 -0.224842 -0.150605
-0.0198387 -0.254975 -0.033256
0.153612 -0.250963 -0.0442694
0.254933 -0.243792 -0.0642787
-0.0463787 -0.247572 -0.0322413
0.0564521 -0.247401 -0.0327327
-0.25799 -0.236511 -0.0632482
0.292089 -0.236106 -0.0732108
-0.0798692 -0.243869 -0.0334862
-0.365428 -0.226126 -0.0970439
0.579463 -0.197319 -0.209248
-0.400168 -0.218783 -0.110056
0.164691 -0.236297 -0.0423777
-0.515271 -0.204805 -0.167803
-0.0979117 -0.238338 -0.0337659
-0.167687 -0.235055 -0.0425919
0.132534 -0.235935 -0.0373115
0.224358 -0.2313 -0.0533409
-0.232806 -0.22964 -0.054978
0.100115 -0.23511 -0.033201
0.426857 -0.214214 -0.121419
-0.0353004 -0.233482 -0.0282797
0.067938 -0.232923 -0.0298807
0.239824 -0.227365 -0.0561835
0.366097 -0.218279 -0.0953857
-0.296479 -0.222329 -0.0711996
0.643892 -0.178148 -0.255913
-0.319953 -0.218183 -0.0780311
0.525534 -0.196682 -0.172274
0.0275674 -0.229296 -0.0270337
0.401144 -0.209518 -0.108268
0.00256234 -0.227893 -0.0263172
-0.134942 -0.224282 -0.0348636
0.124602 -0.223351 -0.0332588
-0.0500858 -0.224151 -0.0267334
0.155924 -0.222029 -0.0375081
0.143175 -0.221515 -0.035411
0.111184 -0.22032 -0.0309297
0.4682 -0.196091 -0.13841
-0.274752 -0.211303 -0.0619902
-0.20197 -0.215371 -0.0445822
-0.0243971 -0.219576 -0.0247098
0.0732804 -0.218971 -0.0270243
-0.538256 -0.183775 -0.177499
0.0691174 -0.218061 -0.0265153
-0.1628 -0.213363 -0.0366868
0.282102 -0.206923 -0.0631963
-0.49831 -0.187092 -0.153428
-0.274184 -0.206911 -0.0608454
-0.456985 -0.189814 -0.131015
0.442994 -0.191073 -0.124074
-0.124028 -0.210519 -0.03031
0.685761 -0.153893 -0.288629
0.31883 -0.198377 -0.0731807
0.223263 -0.200113 -0.0460041
-0.190661 -0.201964 -0.0393445
-0.3373 -0.193726 -0.0787514
-0.0135577 -0.206134 -0.0215702
0.539817 -0.173242 -0.176237
0.570879 -0.168737 -0.196492
0.60026 -0.164028 -0.217196
0.35551 -0.18941 -0.0847205
-0.370968 -0.186167 -0.0902063
-0.112999 -0.196147 -0.025958
0.483401 -0.172455 -0.141756
-0.291966 -0.18708 -0.0620464
-0.195003 -0.190192 -0.0378145
-0.167313 -0.191491 -0.0328716
-0.480975 -0.169282 -0.139763
-0.440252 -0.172844 -0.11892
-0.180244 -0.187766 -0.0344659
0.202039 -0.185056 -0.038265
0.45856 -0.167636 -0.127291
0.169633 -0.184751 -0.0319651
-0.247078 -0.178687 -0.0476221
-0.102281 -0.182192 -0.0220712
-0.207292 -0.176765 -0.0378233
0.237935 -0.177096 -0.0450007
-0.591321 -0.145994 -0.206889
0.432661 -0.162337 -0.113179
-0.281799 -0.172404 -0.0561428
0.213441 -0.173381 -0.0385522
0.307598 -0.169023 -0.0636162
-0.388307 -0.1629 -0.0929824
0.180626 -0.170362 -0.0313149
-0.543811 -0.144663 -0.173355
-0.504255 -0.148314 -0.149277
-0.235599 -0.166535 -0.0425246
0.148712 -0.169604 -0.0257724
0.406233 -0.156903 -0.0998024
0.249717 -0.162705 -0.0454486
0.344102 -0.160484 -0.0748843
-0.462545 -0.150915 -0.126343
0.115932 -0.168628 -0.0211618
0.5307 -0.144482 -0.164846
-0.196564 -0.163207 -0.0331877
-0.091192 -0.168241 -0.0184813
-0.342846 -0.154435 -0.0733897
0.473387 -0.143846 -0.13097
-0.3775 -0.147386 -0.085795
-0.251801 -0.1538 -0.0445201
-0.118665 -0.157784 -0.0196824
0.288072 -0.1516 -0.0544675
-0.224167 -0.151811 -0.037346
-0.0801307 -0.154617 -0.0152804
-0.411322 -0.140384 -0.0993855
-0.29752 -0.147579 -0.0567596
0.447736 -0.138628 -0.116646
0.228552 -0.147765 -0.0377476
-0.526618 -0.12719 -0.159467
0.182788 -0.145841 -0.0277248
0.421609 -0.13342 -0.103092
0.360129 -0.136972 -0.0772077
-0.252482 -0.139386 -0.0424904
-0.213646 -0.138121 -0.0329023
-0.0690828 -0.141178 -0.0124291
0.00265977 -0.13949 -0.00978011
0.207053 -0.132791 -0.0307242
-0.207436 -0.131828 -0.0306746
-0.435348 -0.119246 -0.10767
-0.241484 -0.128044 -0.0380799
0.4623 -0.115177 -0.120789
0.244084 -0.124404 -0.0382586
0.61138 -0.101711 -0.215226
-0.202063 -0.124281 -0.028545
0.0452933 -0.1276 -0.00920899
0.639344 -0.0975059 -0.237287
-0.349146 -0.116194 -0.0701633
0.375789 -0.113311 -0.0802482
-0.633735 -0.094435 -0.232236
-0.382945 -0.108592 -0.0826338
0.153689 -0.116581 -0.0187822
-0.230498 -0.113481 -0.033567
0.313949 -0.110983 -0.057069
-0.303848 -0.109619 -0.0536068
0.0891563 -0.114286 -0.0105609
-0.417979 -0.102541 -0.097349
-0.263606 -0.10926 -0.0415773
-0.0608561 -0.111049 -0.00805005
0.22303 -0.10936 -0.0313422
-0.338326 -0.101729 -0.0644858
0.291254 -0.101737 -0.0487793
-0.218942 -0.0991002 -0.0293077
0.417799 -0.0948751 -0.0964276
-0.0747482 -0.102515 -0.00808094
-0.00384499 -0.100921 -0.00511303
0.508679 -0.0870309 -0.143454
-0.292411 -0.0950913 -0.0484468
0.327992 -0.0931801 -0.0599261
0.390744 -0.0897852 -0.0838897
0.540717 -0.0821221 -0.162813
-0.213228 -0.093363 -0.0274686
0.201928 -0.0944675 -0.0251661
0.483975 -0.0818967 -0.128759
-0.441213 -0.0812053 -0.106279
0.270127 -0.0867751 -0.0410937
-0.482076 -0.077626 -0.127316
-0.208118 -0.0854318 -0.0256345
0.458558 -0.076569 -0.11464
0.307058 -0.07815 -0.0515233
0.370885 -0.0749258 -0.0743485
0.148102 -0.0780008 -0.0141087
0.432126 -0.0714055 -0.101018
-0.645587 -0.0597561 -0.238655
-0.0916265 -0.0774544 -0.00722339
0.115761 -0.077113 -0.00972071
0.0834258 -0.0755863 -0.00635677
0.0587303 -0.0753207 -0.00457168
0.248683 -0.072034 -0.0340973
-0.334601 -0.0695099 -0.0602072
-0.310284 -0.0695031 -0.0519002
-0.197007 -0.0718084 -0.0222313
-0.269788 -0.0701066 -0.0396359
-0.321716 -0.034064 -0.0537767
0.426466 -0.0323579 -0.0960753
-0.107263 -0.0344295 -0.00636561
0.098138 -0.0324916 -0.00535774
-0.35662 -0.0286432 -0.0661897
-0.276842 -0.0294923 -0.0395372
-0.0519065 -0.0299461 -0.00179714
0.21883 -0.0295674 -0.024685
-0.476229 -0.0253556 -0.121044
0.399263 -0.0274927 -0.0835757
-0.51676 -0.0222918 -0.14416
0.547832 -0.020161 -0.163654
-0.390656 -0.0216478 -0.0797177
-0.311179 -0.0216474 -0.0498953
0.491572 -0.0193419 -0.129378
-0.0512556 -0.0199697 -0.00151411
0.523806 -0.014892 -0.148293
0.157279 -0.0156257 -0.0125694
0.465431 -0.0141595 -0.115029
-0.226348 -0.0129537 -0.0260397
0.226452 -0.00807333 -0.0260112
0.472822 -0.00400777 -0.118851
0.447086 0.000994509 -0.10551
0.358568 0.00281543 -0.0665008
0.204402 0.00692983 -0.0211375
0.419934 0.0060215 -0.0924652
0.17281 0.00855648 -0.015082
0.25587 0.00796672 -0.0333216
-0.62268 0.0104294 -0.217593
-0.576648 0.0112013 -0.183084
-0.529931 0.0118714 -0.152042
-0.204916 0.0156585 -0.0213458
-0.165633 0.0185813 -0.0139876
0.337297 0.0178784 -0.0587714
-0.277817 0.0199287 -0.0395728
0.0721465 0.0202927 -0.00281241
0.399949 0.021245 -0.083709
0.278724 0.0244282 -0.0399396
-0.478023 0.023169 -0.121958
-0.658601 0.0233161 -0.247869
-0.267171 0.0337334 -0.0369415
0.492265 0.0288163 -0.130032
0.315918 0.0330213 -0.0517884
0.548816 0.0284056 -0.16454
-0.42572 0.0342249 -0.0957925
0.466159 0.0342582 -0.115962
-0.133745 0.0390219 -0.00975281
0.256946 0.0393317 -0.034375
-0.256109 0.0473186 -0.0345109
0.293568 0.04779 -0.0452572
-0.548847 0.0430868 -0.165188
0.257724 0.0495898 -0.0350549
-0.415467 0.0480376 -0.0916609
-0.641628 0.0412013 -0.234092
0.224761 0.0525928 -0.0270065
-0.290294 0.0544789 -0.0446146
0.203654 0.0555956 -0.0225369
-0.206296 0.0641783 -0.0236173
-0.490601 0.0578491 -0.130538
-0.40447 0.0617025 -0.0875324
0.641354 0.0512904 -0.234472
-0.16705 0.0671311 -0.0163396
-0.128406 0.0697842 -0.0107366
-0.279046 0.0685851 -0.0421746
-0.577653 0.0598814 -0.185917
-0.438956 0.0681765 -0.104082
0.398742 0.0700558 -0.0856164
0.251796 0.0746327 -0.0351018
0.540951 0.0667342 -0.161597
0.218795 0.0792894 -0.027456
0.370697 0.0756403 -0.0743315
-0.479124 0.0719369 -0.125206
-0.393547 0.0756298 -0.0838118
0.186894 0.0807667 -0.0209457
0.252598 0.0797284 -0.0357191
0.516369 0.071785 -0.146648
-0.268472 0.0822315 -0.0402287
-0.0461521 0.0853293 -0.00471667
0.31463 0.081487 -0.0542897
0.255339 0.0876656 -0.0371311
0.491064 0.0773658 -0.132319
0.547506 0.0769959 -0.166748
-0.302637 0.0894358 -0.0510995
0.464947 0.0825683 -0.11852
-0.00298459 0.0975493 -0.00477378
-0.468769 0.0857173 -0.120848
-0.0736227 0.0965559 -0.00739904
0.437916 0.087765 -0.105278
0.292116 0.0956561 -0.0484127
-0.218221 0.0991535 -0.0291508
-0.179071 0.102061 -0.0214718
-0.417084 0.096539 -0.0962738
0.356101 0.100122 -0.0709319
-0.292144 0.10331 -0.0492219
-0.548781 0.091804 -0.16909
0.444427 0.0982112 -0.109585
-0.371552 0.103629 -0.0773895
0.297716 0.10607 -0.0512563
-0.061127 0.112127 -0.008188
0.179835 0.11142 -0.0226337
0.417567 0.102839 -0.0971921
-0.325953 0.110364 -0.0610781
-0.207282 0.113375 -0.0283107
0.239202 0.112638 -0.0355857
-0.168134 0.116041 -0.0210897
-0.165576 0.117597 -0.0208394
-0.405985 0.110235 -0.092793
0.33419 0.114656 -0.0644943
-0.28037 0.117444 -0.0473199
0.275914 0.121135 -0.0464813
-0.53917 0.105671 -0.164459
-0.360012 0.117418 -0.0744709
-0.0513385 0.129819 -0.00979222
0.396498 0.11777 -0.0895499
-0.315198 0.124122 -0.0591259
0.153086 0.130185 -0.0203997
0.121035 0.131692 -0.0161261
-0.632466 0.103322 -0.232334
0.0883199 0.132769 -0.0127958
-0.395041 0.124182 -0.0897682
0.312035 0.129858 -0.058846
-0.230724 0.133965 -0.036247
-0.191796 0.13656 -0.0281124
-0.0495012 0.139499 -0.0110158
0.203489 0.136104 -0.0304289
-0.152988 0.139203 -0.0216252
0.222532 0.137568 -0.0348294
0.374755 0.132931 -0.0824553
0.487851 0.125502 -0.136142
0.0283316 0.145056 -0.0109823
0.318079 0.140197 -0.0623589
0.259572 0.146257 -0.0454156
-0.338311 0.144931 -0.0701933
0.494509 0.135647 -0.141477
0.224691 0.153444 -0.0377272
-0.254254 0.154719 -0.0453185
0.468193 0.140637 -0.127638
0.295068 0.154489 -0.0570959
0.550668 0.134861 -0.176242
-0.372317 0.15224 -0.0844659
-0.0603674 0.164469 -0.0154667
-0.0984344 0.165769 -0.0187603
0.205102 0.162289 -0.034808
0.155794 0.16618 -0.0262893
-0.28868 0.161578 -0.056307
0.359304 0.158314 -0.0803058
-0.413767 0.155164 -0.102937
0.0445561 0.16949 -0.0154757
-0.203934 0.171667 -0.036184
0.242324 0.170871 -0.0449701
0.311201 0.16745 -0.0645246
-0.165086 0.174539 -0.0292875
0.420141 0.160877 -0.106915
-0.277453 0.175817 -0.0554852
0.336841 0.172809 -0.0744326
-0.402442 0.16909 -0.100306
0.200448 0.183557 -0.0376449
0.426503 0.171419 -0.111906
-0.0829862 0.189215 -0.0215773
0.123684 0.189726 -0.0259844
0.156183 0.188656 -0.0304558
-0.63922 0.147899 -0.245332
-0.311431 0.18275 -0.0674694
-0.227267 0.192571 -0.0453975
-0.188519 0.195069 -0.0374989
-0.149575 0.197837 -0.0312443
-0.346315 0.189774 -0.081277
0.0322775 0.204045 -0.0215708
0.40509 0.186322 -0.10491
-0.254796 0.199731 -0.0538571
0.618667 0.162937 -0.231428
0.319992 0.197606 -0.0734164
0.10942 0.208763 -0.0281742
-0.067271 0.213453 -0.0253654
0.00375146 0.214424 -0.0232664
-0.0425555 0.216576 -0.0246622
0.382731 0.200631 -0.0981884
-0.564323 0.180898 -0.194509
-0.4217 0.199605 -0.115508
-0.211931 0.21588 -0.0468574
0.166116 0.216795 -0.0380202
-0.13423 0.22128 -0.0340718
0.267506 0.214695 -0.060667
-0.0499732 0.224515 -0.0268115
-0.0243085 0.225509 -0.0260622
0.111558 0.224519 -0.031937
0.463803 0.201161 -0.137202
0.152603 0.225612 -0.0378091
-0.284827 0.220326 -0.0670851
0.149699 0.230165 -0.0384312
0.525467 0.197774 -0.172492
-0.409855 0.213575 -0.113205
0.212899 0.230281 -0.0504503
0.500266 0.20303 -0.158268
0.149247 0.233195 -0.0390913
-0.365028 0.220277 -0.0954379
-0.0504469 0.237268 -0.0298666
0.0514982 0.236977 -0.0298507
-0.319082 0.227278 -0.0799286
-0.234984 0.236981 -0.0573323
0.366153 0.22568 -0.0972263
0.30895 0.232984 -0.0778999
-0.118384 0.24516 -0.0377725
-0.157876 0.243095 -0.0429317
0.249429 0.238734 -0.0614951
0.159415 0.245532 -0.0438091
0.479978 0.218241 -0.150299
-0.35396 0.234278 -0.0945578
0.213792 0.244603 -0.0542398
-0.26928 0.243515 -0.0682337
-0.260297 0.244418 -0.06592
-0.590339 0.207528 -0.219979
-0.440274 0.230516 -0.132232
0.255135 0.248003 -0.0654407
0.56075 0.212095 -0.199641
0.164132 0.254956 -0.0470791
0.0698918 0.261822 -0.0374179
0.459049 0.233414 -0.1428
-0.219418 0.260412 -0.0597652
-0.180466 0.262945 -0.0522174
0.00188348 0.267273 -0.036381
0.348911 0.250491 -0.0969414
-0.142117 0.265949 -0.0465464
0.29116 0.257131 -0.0785286
0.200601 0.265045 -0.0568616
0.566208 0.221862 -0.206158
-0.428276 0.244301 -0.130002
0.0717759 0.270386 -0.0399272
0.168924 0.266682 -0.0511347
-0.384191 0.251146 -0.111561
0.00769877 0.271716 -0.0376534
-0.338641 0.258 -0.0951473
0.464586 0.24392 -0.148729
-0.520975 0.23631 -0.179791
-0.29262 0.265115 -0.0812574
0.354882 0.261091 -0.102286
-0.469737 0.24734 -0.152551
0.0417492 0.280257 -0.0409832
0.296933 0.2676 -0.0833643
-0.0594295 0.282343 -0.042529
-0.624845 0.220137 -0.250929
0.0793864 0.280852 -0.0435378
0.237361 0.273451 -0.0678605
0.570802 0.231638 -0.212264
-0.0352933 0.284531 -0.0419831
0.442905 0.258643 -0.141549
-0.203933 0.284279 -0.0631986
0.415187 0.26333 -0.129209
-0.509538 0.250234 -0.176741
-0.165276 0.286873 -0.0563965
-0.049662 0.292291 -0.0449609
0.242857 0.284046 -0.0724558
-0.126001 0.290507 -0.0514594
-0.458216 0.261217 -0.15041
-0.277326 0.288788 -0.0836531
0.420739 0.273126 -0.13491
-0.083105 0.302043 -0.050335
0.278319 0.291657 -0.0848636
0.33698 0.285096 -0.10269
0.124016 0.302451 -0.0549375
0.156582 0.301304 -0.0594161
-0.402042 0.281775 -0.128814
-0.357318 0.288681 -0.111751
-0.115275 0.306456 -0.0551209
-0.311639 0.295831 -0.0970241
-0.049365 0.310387 -0.0506724
-0.1882 0.308445 -0.0675609
0.284327 0.302386 -0.0902084
-0.109092 0.313544 -0.0567137
-0.106685 0.311873 -0.0558847
-0.226991 0.306206 -0.0754932
-0.149086 0.311467 -0.0615108
-0.0397648 0.314445 -0.0515577
0.0638968 0.314678 -0.0529546
0.193054 0.309278 -0.0688301
0.342433 0.295533 -0.108148
-0.0485585 0.320675 -0.0540562
0.585138 0.261187 -0.232279
-0.345351 0.303036 -0.111799
-0.261594 0.312505 -0.0868137
-0.106311 0.322857 -0.0595422
0.430996 0.29389 -0.146846
0.403098 0.29793 -0.134697
0.0356876 0.326324 -0.055416
0.229541 0.317814 -0.0800516
-0.0267802 0.328815 -0.0559855
-0.431734 0.29859 -0.148854
-0.295631 0.319218 -0.0996101
-0.716181 0.233694 -0.342374
-0.062744 0.335562 -0.0600736
0.00829924 0.336847 -0.0584773
0.0253384 0.335274 -0.05822
0.408414 0.30774 -0.140643
-0.472747 0.301738 -0.172072
-0.375958 0.319726 -0.13027
-0.207438 0.338522 -0.0821915
-0.168711 0.341353 -0.07533
-0.129309 0.344023 -0.0699852
0.329155 0.329407 -0.115044
0.413735 0.31783 -0.146884
0.270192 0.335958 -0.0977093
-0.100786 0.352596 -0.0696677
-0.513405 0.304619 -0.197739
-0.280293 0.343467 -0.103637
-0.0862339 0.356634 -0.0697441
0.0886571 0.358052 -0.0705171
0.1208 0.356491 -0.0735436
0.152966 0.355117 -0.077778
0.276235 0.346197 -0.103428
0.334781 0.340185 -0.121253
-0.0697432 0.361115 -0.0700904
-0.560486 0.30351 -0.229457
-0.359509 0.343073 -0.132213
-0.40526 0.336552 -0.150002
-0.0425923 0.369376 -0.0716966
0.0607341 0.369007 -0.07256
0.0934427 0.367856 -0.0748243
-0.314168 0.350684 -0.117776
-0.152015 0.365978 -0.0818762
0.190166 0.36383 -0.0881533
0.281143 0.356855 -0.109151
0.395108 0.34229 -0.147517
-0.445988 0.339029 -0.171656
-0.226075 0.369219 -0.098575
-0.548521 0.317292 -0.226404
-0.108994 0.377455 -0.0804086
0.0328971 0.379999 -0.0755983
0.195115 0.374196 -0.0934088
-0.389276 0.359796 -0.152055
-0.343928 0.366673 -0.135556
-0.260712 0.376459 -0.111007
-0.0651848 0.39096 -0.0819036
0.00674504 0.392393 -0.0802269
0.404894 0.36185 -0.160283
-0.29475 0.383235 -0.124641
0.0096871 0.401352 -0.0841273
-0.130861 0.399472 -0.0926428
0.325093 0.38351 -0.135573
-0.206256 0.402768 -0.10824
-0.128061 0.408177 -0.0961238
-0.244323 0.400558 -0.116903
-0.373681 0.383482 -0.155427
0.565831 0.34085 -0.249229
-0.328771 0.391003 -0.140334
0.3297 0.39322 -0.141702
-0.0844178 0.420643 -0.09671
-0.0137818 0.422238 -0.0936196
0.122918 0.421273 -0.101434
0.276162 0.409644 -0.13056
0.334618 0.403024 -0.148177
0.593633 0.344318 -0.272646
-0.258234 0.442062 -0.140991
-0.0285343 0.457172 -0.111079
0.0402016 0.456862 -0.111371
0.168354 0.450918 -0.123455
0.199825 0.44826 -0.128718
0.290436 0.43997 -0.150251
0.532153 0.390953 -0.249021
0.556798 0.384677 -0.263794
0.0430327 0.464861 -0.115663
0.204852 0.458064 -0.135007
-0.338013 0.441125 -0.168642
-0.38361 0.434347 -0.185024
0.295072 0.449854 -0.157051
0.510668 0.405482 -0.241843
0.352221 0.442758 -0.175436
-0.0554309 0.474179 -0.121318
-0.288097 0.457713 -0.15887
0.209614 0.467925 -0.14145
-0.664497 0.357856 -0.343964
0.488464 0.420041 -0.235168
0.0203181 0.486137 -0.126354
-0.160113 0.4812 -0.138136
0.214331 0.478014 -0.148199
0.303776 0.469036 -0.170708
-0.367531 0.458769 -0.191018
-0.156576 0.489639 -0.142249
0.0247815 0.495517 -0.131756
-0.195386 0.486985 -0.148725
-0.233785 0.485087 -0.157364
0.218923 0.487792 -0.154937
-0.317637 0.47453 -0.179069
0.307437 0.47848 -0.17748
0.0291987 0.505941 -0.137926
0.223263 0.497181 -0.16157
-0.448483 0.463817 -0.235974
-0.263244 0.500798 -0.175437
0.397149 0.476615 -0.21571
0.227708 0.506625 -0.168447
-0.500635 0.453441 -0.262602
-0.0645671 0.523515 -0.150434
0.400446 0.485963 -0.223158
0.231832 0.515939 -0.175342
-0.3427 0.501089 -0.205352
-0.0604098 0.534257 -0.156839
-0.387782 0.494286 -0.221985
-0.61688 0.423647 -0.336688
-0.292643 0.517578 -0.195965
0.235874 0.525596 -0.182619
-0.484293 0.476569 -0.266282
0.432068 0.490533 -0.243234
0.0151997 0.545399 -0.161961
0.353314 0.512802 -0.217565
-0.428254 0.497321 -0.2455
0.0197848 0.555199 -0.168518
0.0243271 0.564816 -0.175142
-0.156681 0.559554 -0.186151
-0.195368 0.556508 -0.192454
0.0288158 0.574442 -0.181962
-0.112908 0.571136 -0.186947
-0.152499 0.569226 -0.192086
-0.363068 0.537484 -0.238888
-0.191243 0.566479 -0.198421
-0.229214 0.563265 -0.206153
0.39184 0.535984 -0.252215
-0.108406 0.580945 -0.193309
-0.22492 0.573108 -0.211991
0.195425 0.577966 -0.207685
-0.10379 0.590735 -0.199838
0.0374423 0.593369 -0.195941
0.285714 0.569823 -0.229501
-0.221037 0.583245 -0.218356
0.342936 0.56231 -0.247536
-0.0993828 0.600896 -0.206875
0.0751033 0.602882 -0.205712
0.171873 0.598414 -0.217465
0.0791963 0.611749 -0.212923
0.1118 0.610796 -0.216145
-0.249528 0.599086 -0.23919
-0.019351 0.622254 -0.217424
0.266898 0.599999 -0.245834
0.325022 0.593281 -0.263537
-0.245023 0.609452 -0.245989
-0.014547 0.631598 -0.22484
-0.24051 0.619063 -0.252393
0.42721 0.592677 -0.317193
-0.231381 0.638702 -0.266159
0.220234 0.641547 -0.265211
0.0312517 0.659284 -0.248756
-0.188976 0.652165 -0.265855
-0.226435 0.647837 -0.272652
0.193012 0.65308 -0.267721
0.0683035 0.668045 -0.259021
0.28308 0.644273 -0.289523
0.165324 0.663888 -0.270671
-0.178732 0.670273 -0.27973
-0.116447 0.677061 -0.273344
0.116923 0.71105 -0.306648
