36.9 0 0 4.83429e-15 78.95 0 4.83429e-15 4.83429e-15 78.95
-0.404956 -0.67715 -0.385606
0.210402 -0.711641 -0.329702
0.108506 -0.717403 -0.311844
0.0120814 -0.714076 -0.300036
0.380685 -0.654823 -0.347095
-0.178179 -0.692327 -0.30076
-0.272314 -0.673076 -0.312385
-0.133021 -0.685571 -0.28425
0.143584 -0.682651 -0.283501
0.335058 -0.640631 -0.309111
0.370939 -0.631688 -0.319284
0.160697 -0.665128 -0.270766
-0.242346 -0.647934 -0.277885
-0.0325503 -0.65788 -0.247581
-0.415281 -0.585651 -0.303901
-0.0154607 -0.641481 -0.233017
-0.346757 -0.599662 -0.278775
0.162858 -0.627954 -0.23898
-0.106858 -0.627682 -0.228899
-0.240087 -0.611666 -0.246194
-0.0684342 -0.624947 -0.222338
0.148274 -0.609558 -0.221249
-0.453403 -0.546177 -0.295645
-0.288711 -0.585032 -0.242119
-0.0513207 -0.608314 -0.207965
0.191591 -0.597084 -0.221037
-0.216142 -0.589979 -0.22205
-0.412565 -0.54869 -0.272862
-0.170977 -0.583164 -0.205842
0.0690592 -0.589398 -0.195114
0.0367002 -0.587578 -0.191665
0.1764 -0.578213 -0.203412
-0.26511 -0.563728 -0.217742
-0.292998 -0.553038 -0.220063
0.361258 -0.540351 -0.240057
-0.457621 -0.513659 -0.274233
-0.0169487 -0.571902 -0.179853
-0.32067 -0.541708 -0.223004
-0.416726 -0.516395 -0.251885
0.335825 -0.53522 -0.224912
0.372281 -0.526518 -0.235679
-0.17504 -0.550781 -0.183911
-0.572251 -0.457248 -0.319226
0.310075 -0.530163 -0.210835
0.347487 -0.522104 -0.221116
-0.269077 -0.531181 -0.196604
0.216046 -0.533379 -0.182179
0.3217 -0.516878 -0.206686
0.358651 -0.508651 -0.217284
-0.296837 -0.520192 -0.199196
0.295379 -0.511611 -0.193151
0.157693 -0.526934 -0.164851
0.332819 -0.50379 -0.202863
0.369552 -0.494933 -0.213569
-0.123891 -0.497853 -0.141633
0.292307 -0.478826 -0.172182
0.330113 -0.471142 -0.182045
0.469902 -0.43954 -0.234496
0.122729 -0.49343 -0.138917
-0.0852967 -0.495355 -0.135507
0.36671 -0.462149 -0.192571
0.0902028 -0.493481 -0.134934
0.402322 -0.452947 -0.204402
0.0581809 -0.491493 -0.131064
-0.0447257 -0.491706 -0.130388
0.303454 -0.465321 -0.1685
0.166009 -0.481082 -0.139186
-0.144377 -0.482746 -0.136223
-0.211165 -0.474503 -0.14545
0.376831 -0.447977 -0.18925
-0.105627 -0.479659 -0.128926
-0.346831 -0.452263 -0.178315
-0.23896 -0.463264 -0.146604
0.520647 -0.406996 -0.24948
0.00459028 -0.47509 -0.120075
0.314153 -0.451469 -0.164845
0.35134 -0.442968 -0.175173
0.387264 -0.433932 -0.186532
-0.266962 -0.452626 -0.1492
0.219674 -0.45409 -0.13655
0.325287 -0.437725 -0.161796
-0.294503 -0.441061 -0.152219
-0.0167666 -0.460324 -0.112407
-0.155675 -0.454419 -0.12292
0.361504 -0.428918 -0.172145
-0.49957 -0.397983 -0.230559
0.465024 -0.406635 -0.213615
-0.221541 -0.445505 -0.132564
-0.356749 -0.423236 -0.167173
0.230804 -0.440386 -0.132366
0.129479 -0.447052 -0.114913
-0.0786815 -0.448998 -0.109938
0.0973965 -0.445926 -0.110245
-0.249557 -0.43458 -0.134632
0.0651912 -0.44485 -0.106771
-0.277382 -0.423758 -0.137742
-0.137544 -0.436423 -0.110834
0.242043 -0.427064 -0.128776
0.140633 -0.433881 -0.110073
-0.204082 -0.42834 -0.11973
-0.0987205 -0.433569 -0.104304
-0.516608 -0.373347 -0.229462
0.450284 -0.387891 -0.195771
0.000225245 -0.43386 -0.0990196
0.0438214 -0.430131 -0.0982979
-0.232029 -0.416761 -0.121096
0.0111859 -0.428503 -0.0965291
0.183299 -0.420588 -0.111458
-0.0781493 -0.426764 -0.09902
0.252923 -0.413179 -0.125178
0.151288 -0.421271 -0.105772
-0.401247 -0.386947 -0.169776
-0.435987 -0.379889 -0.184157
-0.260154 -0.406264 -0.124061
-0.0472103 -0.41654 -0.0921094
0.0224651 -0.415563 -0.0907129
0.194521 -0.406695 -0.107385
-0.287844 -0.395231 -0.127682
-0.147992 -0.407597 -0.09891
0.263441 -0.399172 -0.121786
0.161887 -0.407938 -0.101457
0.300296 -0.391881 -0.130373
0.43521 -0.369257 -0.178878
-0.214653 -0.399387 -0.108701
-0.109185 -0.40464 -0.0920656
-0.176107 -0.398557 -0.0999228
-0.349867 -0.376771 -0.142308
0.205504 -0.393006 -0.103722
-0.24261 -0.388597 -0.111106
0.00105915 -0.400241 -0.0835907
0.609565 -0.318215 -0.273935
0.27409 -0.385336 -0.11887
-0.452484 -0.355203 -0.182021
0.410198 -0.364341 -0.163942
0.477866 -0.35099 -0.194736
0.311734 -0.377565 -0.128067
-0.557353 -0.327938 -0.237233
0.384432 -0.359249 -0.149616
0.0105984 -0.387994 -0.078399
0.216479 -0.379235 -0.100379
0.517881 -0.332355 -0.211749
0.321803 -0.362935 -0.125517
-0.158429 -0.379007 -0.0882685
-0.50977 -0.326884 -0.20421
-0.119572 -0.375941 -0.0811035
-0.0807535 -0.373497 -0.07589
0.227136 -0.365481 -0.0973193
-0.469426 -0.330253 -0.181115
-0.18671 -0.367999 -0.0891123
0.461909 -0.332001 -0.177555
-0.00944929 -0.372061 -0.0718399
-0.0577585 -0.371569 -0.0733932
0.19514 -0.365638 -0.0899292
0.437647 -0.327427 -0.16259
-0.14619 -0.358241 -0.0778873
-0.315118 -0.341344 -0.114458
0.275412 -0.344136 -0.102382
-0.603616 -0.285806 -0.255714
0.411973 -0.322904 -0.147937
-0.270699 -0.335142 -0.097558
-0.411902 -0.317331 -0.145812
-0.19685 -0.339279 -0.0801415
0.217211 -0.337968 -0.0842504
-0.0197266 -0.342841 -0.0608137
0.285839 -0.329282 -0.100073
0.385857 -0.317641 -0.133849
-0.158177 -0.336345 -0.0716401
-0.298014 -0.324539 -0.102302
0.323339 -0.320979 -0.109818
0.421034 -0.308178 -0.146913
0.520007 -0.29015 -0.196629
0.35972 -0.312053 -0.120668
-0.0802249 -0.330621 -0.0596525
0.123533 -0.330029 -0.064147
0.227936 -0.323026 -0.0814688
-0.509939 -0.284894 -0.188337
-0.010073 -0.330182 -0.0561365
0.357009 -0.306017 -0.117448
-0.468824 -0.288074 -0.165004
-0.394269 -0.298836 -0.130949
-0.110143 -0.318819 -0.0586058
-0.0488829 -0.320104 -0.0538796
-0.0708228 -0.318345 -0.0546743
0.0849998 -0.317497 -0.0555579
-0.314773 -0.298733 -0.099069
0.27604 -0.301613 -0.0874041
0.503769 -0.271077 -0.179796
-0.142105 -0.306845 -0.058909
0.412413 -0.280173 -0.133156
-0.108838 -0.302383 -0.0530477
-0.269622 -0.292208 -0.0824388
-0.0190555 -0.300752 -0.0464879
0.140966 -0.297747 -0.0558203
0.286134 -0.286893 -0.0857682
-0.157466 -0.29371 -0.0571643
0.386508 -0.274842 -0.119617
-0.118638 -0.290954 -0.0506473
0.323294 -0.278274 -0.0955418
0.385178 -0.269118 -0.117269
-0.0582636 -0.290363 -0.0448588
-0.0115077 -0.290096 -0.0430718
-0.080143 -0.288622 -0.0459169
0.35956 -0.269377 -0.106606
0.51975 -0.247621 -0.182355
-0.186109 -0.282922 -0.0590864
-0.00843714 -0.287031 -0.0421159
-0.509153 -0.242105 -0.174077
-0.0220231 -0.281663 -0.0407394
-0.0137104 -0.279278 -0.0398875
0.462847 -0.247166 -0.148717
-0.214221 -0.271696 -0.0617618
-0.468505 -0.245113 -0.151223
-0.0689106 -0.274174 -0.040792
0.034574 -0.276509 -0.0396107
0.00214634 -0.27353 -0.0381389
0.207664 -0.26609 -0.058686
-0.314584 -0.256912 -0.0861986
0.0173202 -0.271671 -0.0377656
-0.240917 -0.260523 -0.065074
0.437349 -0.242248 -0.13395
0.275956 -0.258196 -0.0741582
0.596119 -0.214517 -0.226292
-0.349523 -0.249272 -0.0968404
0.535031 -0.224229 -0.185468
0.566135 -0.21931 -0.205397
0.313572 -0.249777 -0.0838756
-0.0590977 -0.260923 -0.0364509
-0.00482587 -0.261562 -0.0348255
0.20506 -0.255729 -0.0552498
0.0130922 -0.259881 -0.034448
0.411525 -0.237106 -0.119984
-0.269381 -0.249821 -0.0699338
-0.0933081 -0.256838 -0.0380604
0.186119 -0.251837 -0.0502959
-0.451224 -0.227516 -0.137079
0.478746 -0.223799 -0.15105
0.255082 -0.244221 -0.0644311
0.0476601 -0.251012 -0.0331902
-0.601609 -0.200278 -0.226724
-0.331424 -0.232414 -0.085592
0.0243946 -0.245859 -0.0310014
0.453928 -0.21873 -0.136225
-0.37219 -0.227424 -0.100137
-0.258648 -0.235717 -0.0632295
-0.143031 -0.240945 -0.0400586
0.201441 -0.237811 -0.0498065
-0.365347 -0.22423 -0.0965385
0.19659 -0.237334 -0.0486719
-0.145919 -0.237774 -0.0397026
0.164871 -0.236997 -0.0425815
0.580023 -0.195728 -0.209263
-0.555838 -0.200098 -0.193151
-0.0700968 -0.237377 -0.0311147
-0.399632 -0.217117 -0.109408
-0.286049 -0.225563 -0.0687119
0.428446 -0.213776 -0.122086
0.176972 -0.231498 -0.0433968
-0.434027 -0.210018 -0.123922
0.0669336 -0.233492 -0.0299477
0.460292 -0.208144 -0.136978
0.0357903 -0.231501 -0.0278238
-0.227219 -0.227269 -0.0530468
0.302764 -0.220946 -0.0728987
0.645265 -0.176462 -0.256701
-0.260586 -0.222363 -0.0605058
0.494134 -0.2001 -0.153955
-0.173223 -0.225875 -0.0413686
-0.134993 -0.223534 -0.0346971
-0.0505695 -0.227386 -0.0275092
0.175521 -0.222454 -0.0409865
0.401776 -0.208652 -0.10835
0.339349 -0.212245 -0.0835968
0.123538 -0.223977 -0.033267
0.143491 -0.22191 -0.0355486
-0.0961032 -0.221239 -0.0295271
0.11085 -0.220704 -0.0309789
0.244944 -0.214823 -0.0545618
-0.201692 -0.215396 -0.0445291
0.0786589 -0.219456 -0.0275537
0.469689 -0.195213 -0.139021
0.216603 -0.212445 -0.0471359
-0.38271 -0.200593 -0.0981711
-0.539327 -0.182502 -0.177918
-0.457833 -0.189015 -0.131287
0.183446 -0.20871 -0.0393817
0.444165 -0.19023 -0.124483
-0.0850156 -0.207255 -0.0254141
-0.014461 -0.20652 -0.0216646
0.122131 -0.206307 -0.0291646
0.22378 -0.200446 -0.0461951
-0.337388 -0.192743 -0.0785775
-0.191227 -0.201269 -0.0393111
0.509011 -0.176474 -0.157525
-0.108993 -0.202723 -0.0268484
0.541087 -0.171831 -0.176775
-0.607917 -0.161691 -0.222637
0.601508 -0.162163 -0.217765
-0.113189 -0.196728 -0.0260974
-0.121674 -0.196234 -0.0270213
0.484657 -0.171593 -0.142291
-0.218372 -0.190281 -0.0428653
0.391243 -0.179845 -0.0974565
-0.561076 -0.161419 -0.188127
-0.292254 -0.186219 -0.0619648
-0.0741103 -0.193211 -0.0216457
0.328428 -0.183532 -0.0734737
-0.0029526 -0.192131 -0.0186351
-0.439617 -0.171016 -0.118246
0.664744 -0.143326 -0.266807
0.20229 -0.185539 -0.0384108
0.459753 -0.166605 -0.127721
-0.246042 -0.179777 -0.0475592
0.271237 -0.177342 -0.053966
-0.208055 -0.177568 -0.038136
-0.206296 -0.175492 -0.0373761
-0.0629666 -0.179828 -0.0183192
0.433808 -0.161483 -0.113584
-0.203107 -0.176259 -0.0368382
0.00813338 -0.178703 -0.0161306
0.308549 -0.168862 -0.0639
0.58456 -0.143385 -0.20142
-0.388558 -0.16115 -0.092777
0.181133 -0.170406 -0.0314171
-0.235275 -0.165352 -0.0422398
-0.0511643 -0.17107 -0.0160704
0.407009 -0.156422 -0.100069
0.344955 -0.160026 -0.0751228
0.498972 -0.147931 -0.146101
-0.308796 -0.161596 -0.0626998
0.250283 -0.162879 -0.0456265
-0.196763 -0.163805 -0.0333293
-0.224858 -0.161395 -0.0390679
0.242739 -0.157375 -0.0427586
0.474259 -0.14298 -0.131302
-0.310786 -0.15278 -0.0618793
-0.146507 -0.158841 -0.0236265
0.159377 -0.155176 -0.0250542
0.29881 -0.148934 -0.0573807
-0.0805337 -0.153697 -0.0151693
0.127374 -0.153932 -0.0201628
-0.298363 -0.147204 -0.0569675
0.0949723 -0.152692 -0.0163002
0.206609 -0.150675 -0.0332478
0.448617 -0.137861 -0.116973
-0.412183 -0.139618 -0.09966
0.228787 -0.148048 -0.0378471
0.422274 -0.132811 -0.103314
0.210328 -0.144521 -0.0331102
-0.252586 -0.141233 -0.0427888
0.36092 -0.136537 -0.0774523
0.544284 -0.119677 -0.16968
-0.249692 -0.137076 -0.041426
0.255568 -0.135963 -0.0428171
0.575193 -0.115005 -0.190107
0.604421 -0.110056 -0.210973
0.207722 -0.132756 -0.0308624
-0.241259 -0.126787 -0.0378569
-0.314744 -0.123052 -0.0588334
0.275807 -0.125047 -0.0469556
0.462832 -0.114137 -0.120933
-0.468877 -0.111401 -0.12379
0.639974 -0.0956009 -0.237573
-0.348627 -0.115065 -0.0698283
0.312495 -0.116305 -0.0572276
0.376468 -0.112922 -0.080478
0.436731 -0.108942 -0.107029
0.185647 -0.117963 -0.0244899
-0.383015 -0.108045 -0.0825981
0.153924 -0.116817 -0.0188469
-0.230269 -0.112948 -0.0334499
0.0889953 -0.115096 -0.0106402
-0.303267 -0.108387 -0.0532787
0.254544 -0.110266 -0.0392458
0.056599 -0.113061 -0.00802531
-0.417479 -0.100993 -0.0969433
0.291738 -0.101463 -0.0488986
-0.492846 -0.0913006 -0.134687
-0.219534 -0.099031 -0.0294343
0.418058 -0.0942371 -0.0964809
0.293431 -0.0979478 -0.0490508
0.594409 -0.0816012 -0.199988
0.509341 -0.0858399 -0.143727
-0.293229 -0.0945467 -0.0486443
0.328093 -0.0926605 -0.0599103
0.391317 -0.0890848 -0.0840659
0.540645 -0.0809831 -0.162656
0.484793 -0.0808341 -0.129114
0.27055 -0.0863824 -0.0411773
-0.608978 -0.0706271 -0.209963
-0.4404 -0.0796807 -0.105741
-0.208524 -0.0849627 -0.0256802
-0.562204 -0.070026 -0.175972
-0.262519 -0.0817656 -0.0385438
0.459024 -0.0756252 -0.114801
0.307482 -0.0777735 -0.0516298
0.179832 -0.0792097 -0.019497
-0.235843 -0.0745029 -0.031069
0.148018 -0.0781014 -0.014104
-0.0918466 -0.0768622 -0.0071977
0.432597 -0.0707638 -0.101194
0.0836812 -0.0761742 -0.00642315
0.116498 -0.0768898 -0.00978987
-0.645836 -0.0579847 -0.238729
-0.30982 -0.0701186 -0.0517939
-0.307465 -0.0701824 -0.0510324
-0.299702 -0.070368 -0.0485657
0.248919 -0.0715562 -0.0341226
-0.197477 -0.0717126 -0.022319
-0.013059 -0.0731307 -0.00276314
0.26449 -0.0708513 -0.0382178
-0.401078 -0.0329562 -0.0845492
-0.33101 -0.0330516 -0.0569517
-0.322155 -0.0340587 -0.0539258
-0.239735 -0.0338743 -0.0297529
0.00704787 -0.0359758 -0.000672191
0.0974702 -0.0358054 -0.00540585
0.185301 -0.0347342 -0.0179322
0.204923 -0.034969 -0.0218468
0.259641 -0.0347429 -0.03492
0.426783 -0.031586 -0.0961977
-0.276961 -0.0289505 -0.0395551
0.0797064 -0.0312184 -0.00367058
-0.476188 -0.0243428 -0.120993
0.39917 -0.0264765 -0.0835053
-0.238155 -0.0262136 -0.0291267
0.328854 -0.0239167 -0.0559221
-0.51676 -0.0211851 -0.144132
-0.390628 -0.0208628 -0.0796878
-0.311342 -0.02138 -0.0499426
0.548007 -0.0189106 -0.16374
0.491581 -0.0182006 -0.129358
0.270311 -0.019135 -0.0374171
0.523941 -0.01358 -0.148354
0.157179 -0.0153055 -0.0125485
0.315728 -0.0151797 -0.0512717
0.465909 -0.013271 -0.115267
0.22662 -0.00779162 -0.026048
0.472923 -0.00309718 -0.118902
0.0715004 0.00293983 -0.00256376
0.202984 0.00283964 -0.020822
0.446964 0.00183616 -0.10545
0.358575 0.00343485 -0.0665053
0.204628 0.00734109 -0.0211877
0.172701 0.0085136 -0.0150626
0.419888 0.00656934 -0.0924477
-0.576613 0.012609 -0.18308
-0.622779 0.0120931 -0.217696
-0.277779 0.0202868 -0.0395693
-0.165621 0.0187106 -0.0139881
0.337259 0.0183973 -0.058768
0.399965 0.0219372 -0.0837323
0.279218 0.0248053 -0.0400926
-0.477859 0.0241658 -0.121896
0.516928 0.0248144 -0.144331
-0.518803 0.0274933 -0.145548
0.188464 0.0322969 -0.0184511
0.256411 0.0317681 -0.0339543
-0.658545 0.0252349 -0.247882
-0.0449251 0.0364395 -0.00167445
0.315789 0.0332618 -0.0517536
0.492005 0.0296827 -0.129914
-0.267259 0.0337916 -0.0369678
0.2567 0.0393726 -0.0343112
0.548476 0.029608 -0.164358
-0.425638 0.0350588 -0.095786
0.332687 0.0367505 -0.0576789
0.466106 0.0350035 -0.115964
-0.256043 0.0475537 -0.0345049
-0.25315 0.048311 -0.0337799
0.232917 0.0483382 -0.0287053
0.293314 0.0480163 -0.0451903
-0.548882 0.0444255 -0.165281
-0.415266 0.0486984 -0.0916043
-0.217331 0.0513616 -0.0252542
0.203364 0.0557221 -0.0224836
-0.641251 0.0429033 -0.233869
-0.290525 0.0550039 -0.0447147
-0.10034 0.0587088 -0.00678037
0.137422 0.0608017 -0.0113552
-0.20625 0.0643139 -0.0236166
-0.490861 0.0584099 -0.130722
-0.404576 0.062575 -0.0876388
-0.16722 0.0673578 -0.016384
-0.12842 0.0701633 -0.0107652
-0.279247 0.0689573 -0.04226
0.336111 0.0670812 -0.0605695
0.218649 0.0710446 -0.026786
-0.577539 0.0615253 -0.185959
0.398766 0.0704106 -0.0856543
0.540574 0.0679332 -0.161451
0.187068 0.0807733 -0.0209795
0.696486 0.0586439 -0.28483
-0.478898 0.0730123 -0.125171
-0.393583 0.076503 -0.0838998
-0.268348 0.0824864 -0.0402161
0.0575396 0.0854385 -0.00531942
0.51584 0.0730697 -0.146437
0.310883 0.0820316 -0.0530984
0.314062 0.0815542 -0.0541067
0.490612 0.0781939 -0.132137
0.255158 0.0883022 -0.0371411
0.151907 0.0925013 -0.0159433
0.5471 0.0778261 -0.166558
-0.302379 0.0899153 -0.0510625
0.464412 0.0833162 -0.118309
-0.0732688 0.0969342 -0.00740973
0.232809 0.0941585 -0.0320465
-0.468384 0.0866919 -0.120739
-0.382545 0.0904006 -0.0804961
0.260723 0.0954005 -0.0393115
-0.218521 0.0991439 -0.0292173
0.261817 0.098223 -0.0398937
-0.337222 0.0969939 -0.0635847
-0.179402 0.102062 -0.0215328
0.251564 0.100433 -0.0373843
-0.140339 0.104913 -0.0154705
-0.416935 0.0969552 -0.0962496
0.169971 0.10545 -0.0202091
0.355999 0.100386 -0.0709214
-0.0306274 0.108798 -0.00640809
0.297592 0.105737 -0.0511805
0.0727872 0.10922 -0.00865094
0.249595 0.106762 -0.0375531
0.444496 0.098821 -0.109687
-0.371113 0.104207 -0.0772781
-0.457837 0.100693 -0.116685
0.416798 0.103501 -0.0969126
0.238546 0.112871 -0.0354503
-0.325867 0.110925 -0.0611144
0.0768988 0.120841 -0.0103111
0.0128878 0.121984 -0.00755163
0.333508 0.115126 -0.0643084
-0.241724 0.120359 -0.0371483
-0.32327 0.118348 -0.0611229
-0.538591 0.106789 -0.164227
-0.360666 0.117894 -0.074786
0.275322 0.121379 -0.0463414
0.423358 0.11414 -0.101257
0.395672 0.118483 -0.0892831
-0.085995 0.131584 -0.012432
0.120696 0.131723 -0.0160887
-0.631935 0.105362 -0.232174
0.281993 0.130742 -0.0495335
-0.23058 0.134555 -0.0362948
0.277849 0.132892 -0.0486116
-0.308942 0.131865 -0.0581048
-0.191926 0.13699 -0.0281985
-0.152928 0.139822 -0.0217041
0.221449 0.137501 -0.0345706
0.402119 0.129018 -0.0935484
-0.265186 0.141186 -0.0461957
0.317898 0.140362 -0.0623223
0.258582 0.14622 -0.0451413
0.0250984 0.151579 -0.0118735
0.227244 0.146644 -0.0372664
0.000362217 0.155871 -0.0122227
0.380606 0.144021 -0.0865465
-0.424848 0.142602 -0.106038
-0.253956 0.155379 -0.0453461
0.467135 0.14157 -0.127221
-0.21526 0.157753 -0.0362691
0.549648 0.135919 -0.175735
-0.066452 0.165827 -0.0160867
-0.0981424 0.166537 -0.0188612
0.173305 0.163891 -0.028864
-0.134814 0.165749 -0.0230903
0.0761002 0.16751 -0.0170712
0.358573 0.158348 -0.0800265
-0.288098 0.162293 -0.0562518
-0.413104 0.155927 -0.102764
0.473587 0.151914 -0.132453
0.301064 0.165308 -0.0608334
-0.657342 0.131978 -0.258054
-0.368632 0.162627 -0.0847606
0.241944 0.171763 -0.0450336
0.219188 0.173856 -0.0399318
-0.322807 0.169353 -0.0688098
-0.546543 0.151568 -0.176399
0.0166431 0.180396 -0.0165467
0.279407 0.173641 -0.0556586
-0.276842 0.176268 -0.05539
-0.238754 0.178727 -0.0455091
-0.402475 0.169801 -0.100455
-0.356689 0.17665 -0.08263
0.425587 0.171603 -0.111502
-0.0824602 0.190268 -0.0217371
-0.0118246 0.19095 -0.0184714
-0.207997 0.187517 -0.0400133
-0.311665 0.183359 -0.0676673
0.143805 0.190996 -0.0290001
0.115875 0.193809 -0.025828
0.342424 0.183726 -0.0785932
-0.536053 0.165654 -0.172229
0.284292 0.190178 -0.0603136
-0.188479 0.195825 -0.0376444
0.12971 0.198446 -0.0285092
0.209761 0.195478 -0.0419872
0.590233 0.161047 -0.208995
-0.149229 0.198588 -0.0313445
0.193138 0.197265 -0.0388631
0.0637199 0.202266 -0.0227446
-0.039746 0.202237 -0.0214702
-0.345931 0.190465 -0.0812756
0.403747 0.186508 -0.104342
-0.261478 0.199819 -0.0557005
-0.432678 0.186909 -0.118039
0.617381 0.164792 -0.23079
0.230495 0.206276 -0.0490415
-0.0664022 0.213923 -0.0254089
0.409831 0.197148 -0.109398
-0.296538 0.206531 -0.0675783
-0.0597304 0.218494 -0.0259914
0.325679 0.208548 -0.0778064
-0.420795 0.200646 -0.115312
-0.211844 0.216921 -0.0470742
-0.172889 0.219404 -0.0398068
0.266445 0.214424 -0.0603036
-0.0230667 0.222545 -0.0253505
-0.376258 0.207214 -0.0969538
-0.133809 0.222356 -0.0342604
-0.330715 0.214014 -0.080856
0.387696 0.21145 -0.102793
-0.0592449 0.230667 -0.0287724
0.181 0.231983 -0.0442685
-0.410579 0.214339 -0.113725
-0.0500958 0.235876 -0.0295088
0.0520563 0.237492 -0.0300064
0.148671 0.233444 -0.0390626
-0.364491 0.221306 -0.0954728
0.0841619 0.235897 -0.0318733
-0.319201 0.228116 -0.0801773
-0.451 0.21768 -0.134428
-0.196281 0.240444 -0.0493895
-0.15722 0.2431 -0.0428248
-0.0484205 0.246435 -0.0320511
0.307879 0.232866 -0.0775118
0.218304 0.241195 -0.0543952
-0.117684 0.24641 -0.0380059
0.0240358 0.248721 -0.0317231
0.132106 0.247589 -0.0401835
0.157174 0.246714 -0.0437425
-0.0592319 0.250917 -0.0338052
-0.269209 0.244541 -0.0684819
-0.229721 0.246668 -0.0585206
0.371009 0.236386 -0.101961
-0.0497511 0.254706 -0.034262
0.25472 0.249233 -0.065655
-0.439394 0.231483 -0.132044
-0.00398549 0.259337 -0.0342214
-0.58928 0.209267 -0.219643
-0.0748848 0.25852 -0.036901
0.510042 0.224031 -0.169538
0.0552389 0.262063 -0.0365316
-0.30368 0.251553 -0.0810335
-0.126589 0.261837 -0.0432259
0.457401 0.234528 -0.142223
-0.479924 0.234505 -0.154612
0.240734 0.259097 -0.0646308
-0.18057 0.264295 -0.0526127
-0.141297 0.267205 -0.0467757
-0.049608 0.269558 -0.0382945
0.103761 0.269278 -0.0425434
0.136296 0.267965 -0.0462609
0.1681 0.266729 -0.0510017
0.0125121 0.271096 -0.037529
-0.383067 0.252099 -0.111346
-0.578414 0.22297 -0.215321
0.489779 0.239301 -0.161638
-0.338455 0.25898 -0.0953575
0.463061 0.244098 -0.147949
-0.253983 0.268116 -0.0706957
0.353383 0.261006 -0.10167
0.205427 0.275249 -0.0608314
0.295882 0.26755 -0.08301
0.0438234 0.281791 -0.0415256
0.108731 0.278963 -0.0458735
0.494824 0.249648 -0.167639
0.468442 0.254241 -0.153877
0.441102 0.259065 -0.140748
0.359424 0.2717 -0.107255
-0.16449 0.28828 -0.0566879
0.0160261 0.292835 -0.0439714
0.241692 0.283721 -0.072052
-0.413426 0.269089 -0.130132
-0.238448 0.291855 -0.073737
0.473386 0.264421 -0.159769
0.446688 0.269001 -0.146707
-0.128185 0.299034 -0.0544065
-0.121969 0.300339 -0.053998
0.247533 0.294568 -0.0769849
-0.0111621 0.304766 -0.0476382
0.555039 0.258272 -0.209287
0.529725 0.26446 -0.194114
0.478322 0.274988 -0.16598
-0.60317 0.249881 -0.24254
0.0650871 0.313009 -0.0524826
-0.186849 0.30932 -0.0675793
0.0962412 0.313966 -0.0554563
0.128347 0.312423 -0.0587673
0.160803 0.311483 -0.0634528
0.283065 0.302267 -0.0897756
0.340699 0.295659 -0.107526
-0.442876 0.285956 -0.150241
-0.307413 0.306077 -0.0989929
-0.222396 0.315645 -0.0775531
-0.18422 0.318233 -0.0700588
-0.145094 0.320923 -0.0640748
-0.057622 0.323061 -0.0553776
0.582901 0.262429 -0.231002
-0.0356441 0.324979 -0.0549507
0.0684652 0.325095 -0.0568002
0.346565 0.305755 -0.113204
0.429487 0.293759 -0.146041
-0.105202 0.324562 -0.0600041
0.457062 0.289784 -0.159096
-0.592404 0.263748 -0.238755
-0.48355 0.289179 -0.173831
-0.38635 0.306476 -0.130054
-0.340794 0.313197 -0.113565
0.0406995 0.336387 -0.059156
0.434744 0.303787 -0.152231
0.564194 0.27808 -0.222596
-0.0614632 0.337143 -0.0605551
0.293436 0.322841 -0.100184
0.351574 0.316305 -0.118894
-0.581182 0.277474 -0.234993
0.145781 0.339785 -0.0708639
-0.291835 0.3298 -0.102189
0.0127934 0.347305 -0.0623352
-0.167679 0.342937 -0.0757284
0.239693 0.338724 -0.0901576
-0.251955 0.342176 -0.0947737
-0.415707 0.32343 -0.149953
-0.241183 0.346333 -0.0934216
-0.125226 0.354403 -0.0733301
-0.0139832 0.359338 -0.0668972
0.333619 0.340179 -0.120809
0.572628 0.297568 -0.236096
-0.457256 0.326851 -0.172905
-0.275766 0.353491 -0.106133
0.0940942 0.369088 -0.0753811
0.125118 0.367063 -0.0782571
0.157886 0.365942 -0.0828529
0.279499 0.356371 -0.108439
0.421394 0.338234 -0.158558
-0.355924 0.353947 -0.135107
-0.0380727 0.379649 -0.0756533
-0.401135 0.347426 -0.152424
-0.309992 0.361118 -0.120512
0.0651733 0.379454 -0.0770878
0.0978635 0.378776 -0.0797005
0.130079 0.377 -0.0829667
0.194335 0.374217 -0.0932502
-0.186221 0.373495 -0.0912519
0.162547 0.375909 -0.0877111
0.285006 0.366403 -0.114269
0.343135 0.359917 -0.132407
0.426136 0.347872 -0.164899
0.5567 0.323034 -0.234667
-0.221772 0.379807 -0.101911
-0.104453 0.38807 -0.0843082
0.0383851 0.391436 -0.0805958
0.199402 0.384338 -0.0985994
0.348078 0.370067 -0.138668
0.430452 0.357743 -0.171307
0.0423501 0.400704 -0.0847716
0.560676 0.332285 -0.241561
-0.385288 0.370868 -0.155009
-0.0601093 0.401747 -0.0862243
0.35289 0.380346 -0.145128
0.435155 0.367497 -0.17806
0.46269 0.363429 -0.191398
0.0145178 0.411749 -0.0888182
-0.165822 0.40733 -0.101899
0.239692 0.402044 -0.11631
0.564263 0.341545 -0.248365
0.357288 0.390141 -0.151392
0.439558 0.377285 -0.184865
-0.162826 0.416044 -0.105352
-0.123177 0.418746 -0.100289
0.466886 0.372883 -0.198142
0.493033 0.368118 -0.211706
-0.369403 0.394642 -0.158692
-0.324033 0.401688 -0.143467
0.245166 0.412285 -0.122552
0.361969 0.400078 -0.158029
-0.00900193 0.430512 -0.0974599
-0.0306453 0.457071 -0.111098
0.135828 0.453006 -0.1189
0.504247 0.396781 -0.232993
-0.610841 0.365482 -0.297649
0.52968 0.391606 -0.247614
-0.137756 0.459911 -0.122785
0.375168 0.429715 -0.178664
-0.027766 0.464305 -0.11476
-0.491673 0.404875 -0.229069
-0.215297 0.454538 -0.135684
0.139979 0.461508 -0.123977
-0.682888 0.343282 -0.355158
-0.0334538 0.47312 -0.119637
0.379122 0.439156 -0.185501
-0.023292 0.474925 -0.120282
0.0798317 0.4739 -0.123048
0.11271 0.473204 -0.126287
0.144919 0.471585 -0.130169
-0.249481 0.461681 -0.14876
0.176318 0.469827 -0.135029
-0.378553 0.445608 -0.188747
0.0848103 0.484085 -0.129099
0.383056 0.44869 -0.192568
0.117129 0.483235 -0.13238
0.149799 0.481934 -0.136692
0.181154 0.479684 -0.141463
0.0565221 0.494606 -0.132722
0.0896258 0.49459 -0.135507
0.121979 0.493428 -0.138809
0.38654 0.458304 -0.19966
0.185716 0.489486 -0.147995
-0.279659 0.47868 -0.16774
-0.0417198 0.504694 -0.137711
0.158859 0.502116 -0.149916
0.190182 0.499156 -0.154616
0.419063 0.463563 -0.219298
-0.358247 0.479094 -0.198671
-0.147 0.510236 -0.152621
-0.0372114 0.515104 -0.14368
-0.185904 0.50768 -0.158751
0.0988143 0.514385 -0.148153
-0.106639 0.514479 -0.149153
0.194512 0.508907 -0.161442
-0.308748 0.495566 -0.188157
0.422372 0.472629 -0.22655
0.070898 0.524852 -0.151764
-0.400065 0.482427 -0.220762
0.342843 0.494362 -0.201211
-0.220641 0.515075 -0.171739
0.198964 0.518702 -0.168519
0.289011 0.51072 -0.190286
-0.0991079 0.532556 -0.159428
0.0754826 0.534857 -0.158436
0.453109 0.47702 -0.24691
0.140212 0.532725 -0.165407
0.172343 0.530463 -0.169996
-0.253816 0.52148 -0.185361
-0.0948289 0.542652 -0.165413
0.0801284 0.544889 -0.165329
0.176757 0.539855 -0.17701
-0.250464 0.532186 -0.191269
-0.333405 0.522264 -0.215091
0.0843723 0.553908 -0.171708
-0.378853 0.515914 -0.231688
0.117249 0.553802 -0.175648
0.149198 0.551556 -0.179314
0.180175 0.549328 -0.184049
0.382424 0.518346 -0.235102
0.272098 0.542004 -0.204894
-0.330005 0.532345 -0.220445
0.08894 0.56318 -0.178466
-0.475572 0.498444 -0.275166
0.1216 0.562404 -0.182128
0.153456 0.560656 -0.186295
-0.419315 0.518915 -0.255082
0.12563 0.571753 -0.18925
-0.275017 0.558687 -0.217546
0.444225 0.527852 -0.276096
0.470664 0.52346 -0.289743
0.368952 0.55901 -0.257449
0.257213 0.581786 -0.2284
0.00395823 0.603788 -0.202865
-0.349167 0.568662 -0.255214
-0.45152 0.542006 -0.291227
0.00855745 0.613156 -0.210084
-0.344991 0.578635 -0.260971
-0.389696 0.571695 -0.277987
-0.0532189 0.63098 -0.226029
0.21083 0.623372 -0.247034
-0.285646 0.614383 -0.264514
0.0546776 0.640587 -0.234063
0.183639 0.634843 -0.249499
-0.281184 0.624393 -0.271255
0.0915933 0.648912 -0.24467
0.155967 0.645756 -0.252556
-0.271752 0.643572 -0.284482
-0.0736418 0.667054 -0.25864
0.493674 0.592508 -0.36343
-0.116447 0.677061 -0.273344
-0.103446 0.684413 -0.278282
0.286222 0.662477 -0.307756
0.139868 0.692239 -0.292015
0.0140476 0.71386 -0.299853
