36.9 0 0 4.83429e-15 78.95 0 4.83429e-15 4.83429e-15 78.95
-0.0225649 0.475464 -0.120554
-0.0560432 0.469135 -0.118654
-0.0583591 0.465606 -0.116934
0.144318 0.45873 -0.123222
0.100249 0.455544 -0.115449
0.0467324 0.430059 -0.0984094
0.0194938 0.430268 -0.0975091
-0.0132667 0.429501 -0.0970309
-0.0738413 0.428534 -0.0994966
-0.118568 0.427472 -0.103781
0.243913 0.412739 -0.122416
0.21335 0.415066 -0.115578
0.105676 0.421503 -0.0993517
-0.161659 0.417608 -0.105869
0.0187933 0.421566 -0.0933969
0.208761 0.40506 -0.109862
-0.0560364 0.411791 -0.0904461
0.0465892 0.411066 -0.0895856
0.160325 0.404905 -0.0998069
0.256212 0.396103 -0.118264
0.0440772 0.407943 -0.088057
0.203564 0.394347 -0.103868
-0.177873 0.397824 -0.099946
-0.255385 0.387505 -0.114213
0.0420098 0.400966 -0.084871
0.0745302 0.399848 -0.0864536
-0.100319 0.398286 -0.0882409
0.0916516 0.396447 -0.0865286
0.0107055 0.397327 -0.0823854
0.200278 0.385292 -0.0992009
0.16698 0.385894 -0.0926944
0.102391 0.388935 -0.0844423
0.134819 0.387882 -0.0882045
0.0696706 0.389485 -0.0816062
-0.143322 0.385663 -0.0885601
-0.221103 0.380895 -0.102207
-0.259136 0.378783 -0.111534
0.171807 0.395888 -0.0979164
-0.182563 0.38301 -0.0944756
-0.306061 0.371137 -0.123311
-0.0337218 0.389451 -0.0795705
0.192477 0.379222 -0.0949348
0.288051 0.368815 -0.116257
0.284897 0.367011 -0.114485
-0.105923 0.379578 -0.0809241
0.129696 0.37706 -0.082937
0.0979254 0.378796 -0.0797153
-0.309143 0.361729 -0.120465
0.0225009 0.380049 -0.0753073
-0.00524364 0.379084 -0.0746526
0.101562 0.372882 -0.0776963
0.0207996 0.373966 -0.0727909
0.279539 0.368779 -0.113512
0.0685871 0.371065 -0.0739295
0.0896162 0.367068 -0.0741327
-0.0103752 0.368476 -0.0704206
-0.0810451 0.367783 -0.0736267
-0.275488 0.354857 -0.106589
0.0935776 0.365813 -0.0740282
0.143812 0.359818 -0.0781275
-0.0949288 0.361657 -0.0725343
-0.285976 0.348171 -0.107254
0.244101 0.348962 -0.0952124
0.129479 0.357609 -0.0751483
-0.124313 0.355775 -0.0737331
-0.163927 0.352098 -0.0785039
-0.235113 0.347375 -0.0922266
0.242936 0.345368 -0.0935218
-0.202515 0.349516 -0.085218
-0.241745 0.344538 -0.0928876
0.184993 0.348334 -0.0810652
0.175486 0.348901 -0.0794171
0.3562 0.326697 -0.124563
0.0138479 0.348311 -0.0627231
-0.0580787 0.346405 -0.0637146
-0.290982 0.330315 -0.102102
-0.166665 0.342615 -0.0754256
-0.155772 0.340597 -0.0727845
-0.171887 0.338116 -0.074726
0.202551 0.33022 -0.0780848
0.350974 0.316023 -0.118554
0.293273 0.322848 -0.100133
0.0735692 0.335015 -0.0606637
0.0408115 0.336728 -0.0592829
-0.101682 0.333817 -0.0628623
-0.341271 0.314496 -0.114209
-0.237447 0.321136 -0.0832172
0.258135 0.31839 -0.0878627
-0.305659 0.313338 -0.100894
0.165557 0.321445 -0.0676568
-0.105129 0.325685 -0.0603846
0.345432 0.305958 -0.112833
0.133458 0.323507 -0.0632332
0.287417 0.312375 -0.0945646
0.101097 0.324461 -0.0595192
-0.144343 0.322113 -0.0643673
-0.222182 0.316907 -0.0779344
-0.0347127 0.325729 -0.0551744
0.225763 0.316069 -0.0785167
-0.183707 0.319218 -0.0702951
-0.306665 0.306564 -0.0989034
-0.0784668 0.312799 -0.0534273
-0.272602 0.29933 -0.0856207
-0.130189 0.305033 -0.0565989
0.247005 0.294112 -0.076698
-0.243883 0.295835 -0.0764185
0.364018 0.282116 -0.112362
0.253439 0.293989 -0.078404
-0.121383 0.300305 -0.0539118
0.305638 0.286999 -0.0921359
-0.218006 0.294912 -0.0696773
0.0528819 0.30069 -0.0477454
-0.238216 0.292679 -0.0739373
-0.199871 0.294834 -0.0655885
-0.160216 0.29739 -0.0587827
-0.322589 0.283114 -0.096793
-0.368093 0.276347 -0.112227
0.210596 0.286167 -0.0652499
0.163297 0.288766 -0.0566293
0.048749 0.292537 -0.0449892
0.301086 0.278307 -0.0879189
0.358387 0.271322 -0.106723
-0.287902 0.275667 -0.0828739
-0.248798 0.280013 -0.072804
0.115431 0.286034 -0.0487586
-0.392759 0.263471 -0.118908
0.257551 0.274536 -0.0735566
0.0735907 0.283018 -0.0437127
-0.276771 0.27274 -0.0785821
0.269668 0.272746 -0.0764802
0.0764144 0.280962 -0.0433281
0.205228 0.27585 -0.0609641
0.35317 0.26215 -0.10192
0.295191 0.268027 -0.0829266
-0.098239 0.279696 -0.0449507
-0.253921 0.268754 -0.0708631
-0.383595 0.252684 -0.11174
-0.183046 0.26503 -0.0532935
0.0349893 0.268572 -0.0373761
-0.00389383 0.389257 -0.0788792
0.259847 0.260203 -0.0700677
-0.140703 0.267039 -0.0466412
-0.196781 0.262343 -0.0553023
0.376124 0.247267 -0.107033
-0.349585 0.245383 -0.0958001
-0.394815 0.238845 -0.112828
0.288467 0.376222 -0.119521
-0.0740092 0.259127 -0.0369964
0.253927 0.249445 -0.0654957
-0.30341 0.246984 -0.0797057
0.159623 0.254385 -0.0461609
0.313432 0.243697 -0.0821916
-0.141892 0.253604 -0.0431553
0.370221 0.23666 -0.101708
0.153895 0.252139 -0.0446247
-0.269316 0.245189 -0.0686828
0.0381365 0.252103 -0.0330513
0.222654 0.245612 -0.056549
-0.394682 0.23006 -0.11045
0.217632 0.240776 -0.0541337
0.33251 0.234462 -0.0865099
-0.04753 0.24674 -0.0320845
-0.195826 0.241052 -0.0494496
0.161293 0.239978 -0.0427148
0.0508514 0.390148 -0.0806531
0.393023 0.222355 -0.10776
0.148891 0.233685 -0.0391551
0.116616 0.235058 -0.0350395
0.0836997 0.23593 -0.0318411
0.180504 0.2323 -0.0442518
-0.0905537 0.234485 -0.0321069
0.272092 0.225316 -0.0644795
-0.24645 0.223667 -0.0570073
0.386869 0.211822 -0.102523
-0.0505496 0.229023 -0.0278923
-0.330155 0.214482 -0.0807637
-0.375965 0.207854 -0.096979
-0.172732 0.219976 -0.0399092
0.26673 0.214672 -0.0604411
0.324816 0.208386 -0.0774657
-0.42142 0.201276 -0.115753
0.409592 0.197292 -0.10932
-0.295981 0.207015 -0.0675087
0.0361206 0.213692 -0.023767
-0.0660285 0.214044 -0.0254102
-0.225556 0.406104 -0.114447
0.229652 0.206087 -0.0487963
-0.104975 0.210274 -0.0280097
-0.261759 0.200176 -0.0558539
-0.432002 0.187345 -0.117801
-0.139564 0.205724 -0.0313929
0.403078 0.186919 -0.104127
0.129078 0.199966 -0.0287367
0.0646741 0.203099 -0.02298
-0.345373 0.190934 -0.0811628
0.161233 0.19904 -0.0333631
-0.149111 0.199 -0.0314109
0.431041 0.182633 -0.116344
0.193063 0.197749 -0.0389474
0.0964745 0.20126 -0.0252247
-0.0793861 0.200565 -0.0235413
0.283712 0.189925 -0.0600871
-0.187959 0.196226 -0.0376245
0.341739 0.183529 -0.0782994
0.0235672 0.238188 -0.0290668
0.225114 0.189688 -0.0443107
-0.443677 0.173644 -0.120797
0.424947 0.172017 -0.111276
-0.0107007 0.191567 -0.0185788
0.247492 0.181795 -0.0483181
-0.0672014 0.185249 -0.0196089
-0.32275 0.175945 -0.0700129
-0.238234 0.179105 -0.04545
0.363661 0.169276 -0.0839779
-0.322339 0.169777 -0.0687249
0.382484 0.164563 -0.090811
0.21041 0.172771 -0.0377745
-0.368225 0.163128 -0.084686
-0.0507552 0.174119 -0.0165843
0.300969 0.165391 -0.0608178
-0.413339 0.156551 -0.102981
0.35794 0.158656 -0.079833
-0.28866 0.162547 -0.0564674
0.238599 0.164953 -0.0429937
0.172736 0.163933 -0.0287698
0.108762 0.166622 -0.019996
-0.166211 0.165051 -0.027821
0.141145 0.165503 -0.0239433
-0.137402 0.163299 -0.0230382
-0.176399 0.160556 -0.028864
-0.214846 0.158108 -0.0362349
-0.179299 0.158546 -0.0290649
0.294713 0.150973 -0.0564157
0.000337148 0.15648 -0.012319
-0.424218 0.14267 -0.105749
0.3807 0.14423 -0.0866189
-0.0703778 0.15518 -0.0146238
-0.338688 0.144969 -0.0703365
0.37377 0.140278 -0.0831478
0.258756 0.146803 -0.045278
0.226709 0.147871 -0.0373282
-0.0798121 0.150818 -0.0146655
0.317347 0.140213 -0.0621134
0.226977 0.144469 -0.0368747
-0.264859 0.141549 -0.0461585
0.190248 0.138797 -0.028125
-0.152732 0.139974 -0.0216952
-0.435533 0.128817 -0.109092
0.401996 0.129271 -0.0935297
-0.191828 0.137139 -0.0282002
-0.156936 0.243584 -0.0429014
0.281191 0.131291 -0.0493715
0.0899432 0.363482 -0.0727507
-0.0153067 0.132365 -0.0089171
0.395156 0.118917 -0.0891157
-0.446459 0.114995 -0.112616
0.423193 0.114273 -0.101196
-0.360607 0.118118 -0.0747916
-0.241497 0.120572 -0.0371182
0.333072 0.115294 -0.0641738
-0.0606697 0.120077 -0.00909101
-0.131908 0.120101 -0.0160407
-0.326307 0.110928 -0.0612675
0.238412 0.113 -0.0354324
0.416139 0.104211 -0.0966904
-0.457488 0.101152 -0.116556
0.298003 0.106974 -0.0514482
-0.371145 0.104616 -0.0773373
0.444143 0.099121 -0.109544
-0.0307861 0.109181 -0.00645495
0.355513 0.100442 -0.0707413
0.32543 0.10387 -0.0601561
0.137864 0.106866 -0.015331
0.197126 -0.237073 -0.0487177
0.164714 -0.23878 -0.0429977
-0.201892 -0.215024 -0.0444874
-0.357749 0.0984332 -0.0713846
-0.359875 -0.304823 -0.118199
-0.145944 -0.237135 -0.0395485
-0.185854 -0.238881 -0.0469028
0.0223466 -0.364063 -0.0688936
0.116412 -0.300722 -0.0534197
-0.241152 -0.126493 -0.0377915
0.333337 -0.306296 -0.108334
-0.258077 -0.235608 -0.0630448
-0.33101 -0.230801 -0.0850337
-0.079926 -0.288022 -0.0457175
0.315576 0.0333445 -0.0516859
-0.109879 -0.404888 -0.0922598
0.175868 -0.222234 -0.0409992
-0.303409 -0.108239 -0.0533072
0.419863 0.00718772 -0.0924408
0.433628 -0.161029 -0.113413
-0.117797 -0.248551 -0.0385708
-0.433888 -0.209325 -0.123687
-0.302376 0.090205 -0.0510893
-0.0811258 -0.373094 -0.0757599
0.242946 -0.156989 -0.042748
-0.0601728 -0.42995 -0.0991545
0.255333 -0.245045 -0.0647149
-0.225182 -0.327733 -0.0824577
0.185676 -0.251517 -0.0501244
0.391755 -0.088799 -0.0842256
-0.355102 -0.0769627 -0.0683459
0.218108 -0.251827 -0.0571256
-0.417 0.0974698 -0.0963347
-0.0588052 -0.259244 -0.0359801
-0.26892 -0.249302 -0.0696611
-0.218915 -0.0994093 -0.0293333
0.422818 -0.132395 -0.103509
0.286973 -0.286739 -0.0859829
-0.257206 -0.251333 -0.0668996
0.412671 -0.236901 -0.120466
-0.366138 -0.223581 -0.0966981
-0.393317 0.076869 -0.0838162
-0.180085 0.264728 -0.0526413
0.391935 -0.17959 -0.0977062
-0.336816 0.0973575 -0.0634763
-0.196269 -0.29619 -0.0652541
-0.388046 -0.160023 -0.0923585
0.28436 -0.288308 -0.0856598
-0.0466603 -0.265084 -0.0369043
0.186793 0.0806276 -0.020915
-0.314232 -0.255796 -0.0857645
0.188472 0.0322887 -0.0184524
0.105599 0.108032 -0.0114768
-0.242106 -0.260422 -0.0653531
-0.0580976 -0.3109 -0.0513348
0.276768 -0.258235 -0.0744114
0.0864989 -0.459258 -0.115919
-0.383359 -0.107644 -0.0826949
-0.0221389 -0.270159 -0.0374388
-0.439975 -0.17075 -0.118373
0.122252 -0.206288 -0.0291758
0.279083 0.0249629 -0.0400577
-0.0701951 -0.27475 -0.04105
-0.039343 -0.446016 -0.10584
-0.252596 -0.140856 -0.0427359
-0.235664 -0.165292 -0.0423252
0.180039 -0.0788564 -0.0195064
0.328816 -0.183107 -0.0735271
-0.401344 0.0975042 -0.0892773
-0.252388 -0.274209 -0.0720401
-0.0473193 -0.398704 -0.0841418
0.407755 -0.155911 -0.100318
-0.129494 -0.304531 -0.0563411
-0.28652 0.247388 -0.074416
0.169575 0.105599 -0.0201566
-0.173398 -0.280396 -0.0559071
0.313758 0.0817621 -0.0540238
0.0182567 -0.0112583 -0.000230054
0.292203 -0.101196 -0.0490128
-0.0121822 -0.287432 -0.0422764
0.228737 -0.280532 -0.0678084
-0.0274759 -0.473188 -0.119467
-0.00884868 -0.287802 -0.042351
0.0623077 -0.327362 -0.0571576
0.14371 -0.22028 -0.0352077
-0.239922 -0.282415 -0.0711947
0.159441 -0.154847 -0.0250123
0.254664 -0.109904 -0.039236
0.0566457 -0.11298 -0.00801871
-0.293121 -0.154423 -0.056478
-0.223976 -0.284988 -0.0680041
0.447025 0.00239603 -0.105482
-0.297139 -0.280522 -0.0873031
-0.417032 -0.192504 -0.111728
-0.404257 0.0630103 -0.0875277
0.324088 -0.278651 -0.0959421
-0.372634 -0.226657 -0.100127
-0.20221 -0.072905 -0.0233752
-0.264822 -0.28646 -0.0792343
-0.167303 0.0670856 -0.0163796
0.328424 -0.0924199 -0.0600019
0.105524 -0.314502 -0.0566267
0.183165 -0.421406 -0.111818
-0.204263 -0.292949 -0.0659456
0.207457 -0.266648 -0.0587982
-0.0200182 -0.300886 -0.0465501
0.405661 -0.0665466 -0.0884021
-0.0512081 -0.166144 -0.015229
0.312772 -0.116006 -0.0572825
-0.107122 -0.234689 -0.03385
-0.376715 -0.279908 -0.116973
0.23815 -0.35124 -0.0945086
-0.179369 0.102314 -0.0215529
0.204763 0.00701318 -0.0212135
-0.0908065 -0.301947 -0.0510099
0.275981 -0.124716 -0.0469626
-0.3431 -0.105777 -0.0666761
0.205234 -0.394189 -0.10418
0.0732712 -0.366614 -0.0725164
-0.168584 -0.307806 -0.0636055
0.437239 -0.108602 -0.107236
0.0731601 -0.313277 -0.0531603
0.063077 -0.410304 -0.0902352
-0.0883076 -0.461615 -0.117326
-0.308475 -0.160613 -0.0624249
-0.149257 -0.407587 -0.0991141
-0.348493 0.0833634 -0.0664033
0.238794 -0.308928 -0.0793803
0.278301 -0.305919 -0.0895266
-0.0500745 -0.211426 -0.0238895
-0.468955 -0.110774 -0.123752
0.37738 0.0856518 -0.0779111
0.369631 -0.297399 -0.1197
0.129226 -0.447774 -0.115241
0.197408 -0.315516 -0.0718407
0.226424 -0.00765729 -0.0260012
-0.290375 0.0553361 -0.0446885
0.465852 0.0353662 -0.115844
0.0595538 -0.324714 -0.0560645
0.365315 -0.0827931 -0.0728051
-0.25247 -0.316357 -0.0855726
0.115877 -0.343239 -0.0679273
0.126803 -0.329344 -0.0643433
-0.277747 0.0205249 -0.0395651
-0.394107 -0.255982 -0.117304
-0.0634449 -0.179297 -0.018253
0.0945892 -0.328361 -0.0601958
0.14797 -0.3442 -0.0728372
0.0329441 -0.443318 -0.104241
0.0349937 -0.232158 -0.0279515
0.228052 -0.323572 -0.0816899
-0.42297 -0.153948 -0.10703
-0.0813694 -0.331225 -0.0599633
-0.178175 -0.326426 -0.0717222
0.240854 -0.358123 -0.0979262
0.298103 0.333285 -0.105542
0.107366 -0.349094 -0.0690832
0.185775 -0.117471 -0.024455
-0.212728 -0.229307 -0.0501763
-0.0857381 -0.206982 -0.0254194
0.0897821 -0.204964 -0.025357
-0.169098 -0.350079 -0.078669
-0.213458 -0.328468 -0.0799215
-0.297783 -0.323182 -0.101736
0.263606 -0.400079 -0.122248
0.170856 -0.233064 -0.0426655
-0.176458 -0.439016 -0.119019
0.271658 -0.177489 -0.0541144
0.210607 -0.144153 -0.0331159
0.286219 -0.3296 -0.10031
0.0835351 -0.341951 -0.0640025
0.180823 -0.170486 -0.0313732
0.307899 -0.0777059 -0.0517595
-0.19677 -0.338602 -0.0798749
-0.292183 -0.238701 -0.0739055
0.00816938 -0.178147 -0.0160301
0.426977 -0.0311339 -0.0962737
-0.135464 -0.223403 -0.0347328
-0.390859 -0.020638 -0.0797808
-0.130318 -0.347453 -0.0714021
-0.303468 -0.199936 -0.0683709
-0.319756 -0.216758 -0.0776269
0.24908 -0.071464 -0.0341572
0.292064 -0.191855 -0.0630421
0.223382 -0.200302 -0.0460715
-0.343383 -0.330706 -0.120954
0.285252 -0.371116 -0.116312
-0.0416065 -0.37042 -0.0720681
-0.146247 -0.424444 -0.106434
0.176415 -0.348842 -0.0795724
0.0727244 -0.355752 -0.0682535
-0.476228 -0.0237584 -0.120999
0.265774 -0.229201 -0.0636074
0.104937 -0.35689 -0.0717662
0 -0.377519 -0.0739983
0.0969065 -0.446848 -0.110654
-0.0307279 -0.35643 -0.0661834
0.274942 -0.344582 -0.102409
-0.382785 -0.199382 -0.0979344
-0.236389 -0.0747279 -0.0312194
0.00199034 -0.0981551 -0.00483086
-0.259458 -0.275809 -0.0744671
0.13703 -0.3579 -0.0763494
0.0573831 0.0856211 -0.00532608
-0.260177 -0.349039 -0.0997334
-0.205724 -0.428498 -0.120189
0.432973 -0.0701007 -0.101323
0.209382 -0.397038 -0.1064
0.0467243 -0.217581 -0.0250767
-0.0449294 0.0364557 -0.00167524
-0.138983 -0.359569 -0.0772898
-0.0310227 -0.364516 -0.0693199
0.463259 -0.113679 -0.121098
-0.0572993 -0.365167 -0.0708229
0.203148 0.055772 -0.0224417
0.00274659 -0.402241 -0.0844702
-0.0660052 -0.364449 -0.0711189
-0.313951 0.0761732 -0.0536214
0.0939491 -0.370544 -0.0759489
0.297447 -0.139779 -0.0555494
0.136711 -0.400135 -0.0937981
0.332618 -0.348546 -0.123712
0.27779 0.0735183 -0.0421756
0.219155 -0.175364 -0.0401986
0.139007 -0.434701 -0.110218
-0.110577 -0.366723 -0.0762646
-0.360157 -0.129713 -0.0761701
-0.382062 0.090626 -0.0803176
0.465675 -0.0129666 -0.115139
-0.253108 -0.359614 -0.101883
0.399081 -0.0264301 -0.0834654
0.296535 -0.315017 -0.0984285
-0.0111333 -0.372967 -0.0722221
0.270191 -0.0188768 -0.0373784
0.00758498 -0.39327 -0.0806082
0.105255 -0.37067 -0.0772187
-0.0749057 -0.319601 -0.0554131
0.227734 -0.365638 -0.0975333
0.126127 -0.371699 -0.0802546
-0.0664062 -0.374156 -0.075015
0.270987 -0.0862971 -0.0412932
-0.112172 -0.357781 -0.0729562
-0.0563584 -0.390476 -0.0811135
0.0116274 -0.428484 -0.0965255
0.0371467 -0.0732967 -0.00338186
-0.0997752 -0.433631 -0.10445
-0.24334 -0.388058 -0.11107
-0.389963 -0.117811 -0.086737
-0.3091 -0.0699148 -0.0515438
-0.401071 -0.0329563 -0.0845462
0.380335 -0.150789 -0.0875265
-0.0098013 -0.413811 -0.08969
0.054276 -0.458343 -0.112884
-0.230832 -0.112514 -0.0335337
-0.215318 -0.398841 -0.108617
0.161757 -0.447427 -0.12043
0.319771 -0.234981 -0.0821056
0.402685 -0.208291 -0.108676
-0.0203055 -0.385041 -0.0773241
-0.270262 -0.376868 -0.114038
-0.348859 -0.11492 -0.0698973
-0.0181694 -0.461301 -0.112942
0.118695 -0.460234 -0.120173
0.17281 0.00874903 -0.0150837
0.0948455 -0.0348209 -0.00511717
-0.197351 -0.0715512 -0.0222817
-0.0884452 -0.218035 -0.028075
-0.127153 -0.464352 -0.123525
0.313481 -0.24993 -0.0838859
-0.415163 0.049222 -0.0915857
-0.468132 0.0873253 -0.120667
0.00419823 -0.47564 -0.12037
-0.303775 0.25226 -0.0812588
-0.236214 -0.386856 -0.108627
-0.0676681 -0.477209 -0.123819
0.153589 -0.117034 -0.0188204
-0.138823 -0.436829 -0.111232
0.172951 -0.434422 -0.116051
0.419197 -0.0945845 -0.097045
-0.0613436 -0.143782 -0.0122937
-0.285628 -0.224129 -0.0682367
-0.1589 -0.293764 -0.0574218
-0.425935 0.0357744 -0.0959537
0.157657 0.0649718 -0.0146457
0.142286 -0.43465 -0.110712
0.205158 -0.310841 -0.0719439
0.360509 -0.269203 -0.106936
0.0136798 -0.125878 -0.00804861
0.0447393 -0.152114 -0.0126501
0.136487 0.2686 -0.046467
0.00293884 -0.229725 -0.026749
-0.225154 -0.370373 -0.0988176
0.258864 -0.158177 -0.0471257
-0.152265 -0.16848 -0.0261264
0.142883 -0.222128 -0.0355086
-0.0709747 -0.401882 -0.0870635
-0.256606 0.323091 -0.0890852
-0.100261 0.0590436 -0.00679223
0.213067 0.117974 -0.030111
0.000211428 -0.40075 -0.0838125
-0.451831 -0.0946554 -0.112932
-0.0767125 -0.32618 -0.0578101
0.0658071 0.418992 -0.0943979
0.0136486 0.0708151 -0.00260392
0.231586 -0.345561 -0.0906291
0.137609 -0.315544 -0.06112
-0.267332 0.0338126 -0.0369889
-0.268263 0.0826252 -0.0402041
-0.0509919 -0.189201 -0.0193865
-0.196376 -0.16215 -0.0329716
0.385875 -0.231634 -0.107001
0.117903 -0.408963 -0.0950976
-0.207794 -0.0856788 -0.0255869
-0.0678877 -0.231274 -0.0294829
0.235221 -0.339627 -0.0893276
-0.238883 -0.380069 -0.106422
0.396029 -0.12713 -0.0906053
-0.249947 -0.218869 -0.0568019
-0.417135 -0.100264 -0.0967029
0.194329 -0.407589 -0.107752
-0.120747 -0.376215 -0.0813691
-0.0425575 -0.377177 -0.0748372
0.378584 0.138194 -0.0848081
0.157053 -0.0152161 -0.0125271
0.340229 -0.21225 -0.0839244
-0.197471 -0.381062 -0.0967851
-0.246677 -0.179702 -0.0477093
0.180473 -0.220809 -0.0415256
-0.354552 -0.168043 -0.0801878
0.358568 0.00367786 -0.0665035
-0.186847 -0.409928 -0.107225
0.322849 -0.32126 -0.109741
-0.318134 -0.220158 -0.0778715
0.256603 0.0396611 -0.0342973
-0.0496723 -0.234716 -0.0292061
-0.394756 -0.122623 -0.0894335
-0.445444 -0.131664 -0.114425
0.183762 0.133119 -0.0260848
-0.416552 -0.121332 -0.0990213
0.464088 0.0838989 -0.118193
-0.196141 -0.164634 -0.0333436
0.449214 -0.137351 -0.117197
-0.403405 0.0146385 -0.0850956
-0.059395 0.220007 -0.0263116
-0.0619809 -0.374661 -0.074912
-0.440448 -0.079291 -0.10573
-0.229806 -0.204571 -0.0485064
-0.177746 -0.0217537 -0.0161641
0.274966 -0.385888 -0.119384
-0.261975 -0.139423 -0.0450495
-0.378355 -0.0329943 -0.0749275
-0.259189 -0.102783 -0.0396579
0.293124 0.0481992 -0.0451414
-0.165668 0.0187685 -0.013997
-0.0998949 -0.0727711 -0.0076667
-0.0782663 -0.245428 -0.0337497
-0.334584 -0.179473 -0.0748822
0.266643 -0.0341703 -0.0368105
-0.279725 0.0689774 -0.0424009
0.41549 -0.18921 -0.110299
0.375623 -0.112717 -0.0801075
0.337283 0.0186484 -0.0587814
0.214048 -0.427218 -0.121553
0.345378 -0.159928 -0.0752639
0.373183 0.0060303 -0.0722617
0.154236 -0.207299 -0.0339573
-0.0607815 -0.119251 -0.00899802
-0.315009 -0.122976 -0.0589121
-0.158882 -0.378463 -0.0881215
-0.308013 -0.179389 -0.0656833
-0.0207699 -0.401837 -0.0845242
0.250017 -0.162659 -0.045519
-0.0614511 -0.0731307 -0.00457262
0.188963 -0.0166078 -0.0181563
-0.0962896 -0.220629 -0.0294069
-0.247405 -0.088579 -0.0351453
0.044913 -0.386804 -0.0789326
0.0481513 -0.144838 -0.011717
-0.0608579 -0.030828 -0.00232974
-0.0588625 0.255714 -0.0350412
-0.410357 -0.1388 -0.0986999
-0.21919 -0.189699 -0.0429367
-0.178627 -0.366991 -0.087087
0.399954 0.0222068 -0.0837337
0.303299 -0.221092 -0.0731084
-0.311421 -0.0210366 -0.0499607
-0.302962 0.362726 -0.118726
-0.280578 -0.0790907 -0.043433
0.00135112 -0.434347 -0.0992552
0.130247 -0.0726582 -0.0111843
-0.0486523 -0.225422 -0.0269544
0.398654 0.0708451 -0.0856388
-0.0639174 -0.0885241 -0.00597885
-0.348293 -0.207167 -0.0857933
0.375601 -0.202937 -0.0957098
-0.218425 0.0993818 -0.0292201
-0.0742227 -0.152388 -0.0144702
-0.33017 -0.201053 -0.0777388
-0.156375 -0.202711 -0.0333279
-0.229566 0.0853897 -0.03046
-0.342434 -0.179824 -0.0778272
0.201946 -0.185622 -0.0383544
-0.219926 -0.071314 -0.0270935
-0.255934 0.0479534 -0.0344958
-0.140557 0.10485 -0.0154949
-0.248382 -0.161118 -0.0448312
0.419032 -0.134689 -0.102074
-0.0915077 -0.0766425 -0.00714943
0.260633 0.097629 -0.0395111
-0.47828 0.0248122 -0.122143
0.386234 -0.0957176 -0.082579
-0.13821 -0.0737653 -0.0123478
0.458849 -0.0749926 -0.114656
0.285069 -0.0708894 -0.0441179
-0.276929 -0.0287791 -0.0395407
0.47301 -0.00264316 -0.118947
0.288944 0.0245638 -0.0429691
0.372099 0.0877259 -0.0759617
-0.362691 0.0576097 -0.0698731
0.336031 0.067245 -0.0605528
-0.223497 0.0761187 -0.0282722
