36.9 0 0 4.83429e-15 78.95 0 4.83429e-15 4.83429e-15 78.95
-0.0555149 0.473952 -0.121201
-0.0540935 0.468741 -0.118322
-0.0543334 0.464472 -0.116081
-0.0587754 0.46484 -0.116559
0.176558 0.450519 -0.124866
0.0396743 0.456901 -0.111368
0.168381 0.450759 -0.123379
0.158898 0.424846 -0.108789
0.0550367 0.429647 -0.0986819
0.0273893 0.430108 -0.0976382
-0.0139241 0.430487 -0.0975108
-0.0339862 0.42979 -0.0977111
-0.146483 0.425157 -0.106812
0.107482 0.426617 -0.101977
-0.0116848 0.425493 -0.0951138
0.122057 0.420275 -0.10085
-0.0454081 0.42354 -0.0952614
-0.0848674 0.420644 -0.0967526
-0.0214061 0.420503 -0.0929614
-0.0460835 0.420657 -0.0939512
0.0145251 0.41911 -0.0921807
0.239539 0.404038 -0.117178
-0.0180581 0.412285 -0.0891241
-0.244221 0.399711 -0.116491
-0.128231 0.408104 -0.0961151
0.106 0.40503 -0.0918618
0.032864 0.40688 -0.08711
-0.0358433 0.40592 -0.0867945
-0.170939 0.396441 -0.0979942
-0.131416 0.399559 -0.092761
-0.209286 0.393342 -0.104745
0.191373 0.391472 -0.0999298
0.100444 0.3951 -0.0868697
0.274622 0.380585 -0.116972
0.00551993 0.391906 -0.0800114
0.0804584 0.389827 -0.0826334
-0.0654872 0.389978 -0.0815076
-0.131688 0.382548 -0.0854973
0.0366125 0.383046 -0.0769967
0.0692283 0.381921 -0.0784016
0.226369 0.371758 -0.0996928
0.195394 0.374147 -0.0934486
0.0329656 0.380026 -0.0756117
-0.109402 0.377099 -0.0803114
0.199778 0.370485 -0.0929005
-0.0570029 0.373457 -0.0741057
0.190469 0.364262 -0.088389
0.0609082 0.369355 -0.0727096
-0.056874 0.36999 -0.0727068
-0.0427986 0.368746 -0.0714554
-0.190948 0.362787 -0.0879012
-0.314556 0.350174 -0.117712
-0.15612 0.363668 -0.081647
-0.152117 0.365562 -0.0817272
-0.247387 0.354398 -0.0982232
0.335108 0.340395 -0.121459
0.276628 0.346652 -0.103725
0.153318 0.355283 -0.0779004
0.0883758 0.357684 -0.0703487
0.121119 0.356996 -0.0737797
-0.280007 0.342693 -0.103252
-0.0799742 0.355797 -0.0688649
0.0878789 0.352758 -0.0684211
0.107599 0.349901 -0.0694131
0.11867 0.348141 -0.0700991
-0.0193991 0.349003 -0.0630792
-0.271185 0.338756 -0.0990541
0.270662 0.335852 -0.0978107
-0.129894 0.34371 -0.0699509
-0.245915 0.336382 -0.0909495
0.113931 0.343743 -0.0678732
-0.207572 0.338509 -0.082217
-0.330306 0.326436 -0.114372
0.167312 0.364529 -0.0839622
0.122138 0.340307 -0.0676517
-0.232735 0.332652 -0.0861199
-0.00123684 0.341171 -0.0599995
0.265023 0.327909 -0.0932263
0.00805351 0.337011 -0.0585337
-0.171542 0.332374 -0.0725838
0.324263 0.319404 -0.109587
0.162618 0.331742 -0.0707516
-0.295693 0.31898 -0.099546
-0.0619935 0.33557 -0.060027
0.320279 0.313399 -0.106019
0.31939 0.309538 -0.104357
0.229934 0.31773 -0.0801207
-0.105815 0.323707 -0.0597783
-0.345662 0.302631 -0.111782
0.296516 0.307966 -0.0959893
0.0640613 0.315046 -0.053088
0.284577 0.302325 -0.0902662
-0.0398355 0.314367 -0.0515348
-0.149355 0.311049 -0.0614151
-0.188125 0.307823 -0.0673402
0.193393 0.309457 -0.0689598
0.0960584 0.313632 -0.0553265
-0.226945 0.305665 -0.0753029
-0.293139 0.300173 -0.0922745
0.342555 0.29473 -0.107929
-0.311135 0.295365 -0.0966979
0.0217167 0.308819 -0.0491271
0.123895 0.302167 -0.0548306
0.278712 0.291546 -0.0849476
0.156012 0.300878 -0.059185
0.0922616 0.304159 -0.0518571
0.337278 0.285066 -0.102793
0.177194 0.299386 -0.0624658
-0.276827 0.288299 -0.0833481
-0.0162061 0.293746 -0.044254
-0.126041 0.28969 -0.051215
-0.165489 0.286538 -0.0563319
-0.204168 0.284179 -0.0632195
-0.102127 0.289009 -0.0481368
0.274845 0.278813 -0.0798243
0.0158851 0.476309 -0.120866
-0.326975 0.271553 -0.0948225
-0.37212 0.264865 -0.110409
-0.0593927 0.281488 -0.042275
-0.0882188 0.28276 -0.0448749
0.237228 0.273344 -0.0677952
0.354949 0.261224 -0.102351
-0.292745 0.265027 -0.081272
-0.383995 0.254714 -0.112493
-0.0981944 0.275414 -0.0437024
-0.338904 0.256998 -0.0949605
-0.383984 0.251197 -0.111486
0.291463 0.257103 -0.0786164
0.200611 0.264857 -0.0568109
0.0716571 0.270242 -0.039878
0.349282 0.250384 -0.0970548
-0.0687694 0.267851 -0.038997
0.214203 0.391093 -0.104923
-0.220049 0.260636 -0.0599748
-0.26683 0.253814 -0.0702794
-0.314068 0.250888 -0.0843493
0.165061 0.257052 -0.047803
0.131706 0.257908 -0.0428494
-0.314497 0.24573 -0.0830985
0.28734 0.247085 -0.0745893
-0.0588181 0.258458 -0.0357697
-0.354075 0.234217 -0.0945868
0.1587 0.246653 -0.0439788
-0.118591 0.244992 -0.0377552
0.249658 0.238705 -0.0615486
-0.195156 0.242044 -0.049564
-0.301598 0.233851 -0.075688
-0.39935 0.227101 -0.111774
-0.0503591 0.244092 -0.0315563
-0.23489 0.236748 -0.0572504
0.366503 0.225681 -0.0973687
-0.429064 0.219351 -0.123764
0.287802 0.230579 -0.0704821
0.235807 0.23392 -0.0567733
-0.319321 0.227082 -0.079963
0.213215 0.230271 -0.0505187
0.0514844 0.236841 -0.0298167
-0.0504067 0.236963 -0.0297898
-0.365167 0.22018 -0.0954705
0.148111 0.247064 -0.0423871
-0.41014 0.213455 -0.113308
0.30244 0.222218 -0.0730967
-0.323139 0.219166 -0.0793765
-0.284881 0.220097 -0.0670475
0.152822 0.22545 -0.0378057
-0.0418416 0.226723 -0.0269399
-0.0943737 0.224943 -0.0302092
0.111613 0.224328 -0.031899
-0.0243458 0.225306 -0.0260163
0.267648 0.21478 -0.0607269
0.302027 0.212503 -0.0706871
0.329769 0.329565 -0.115331
-0.422182 0.199762 -0.115773
-0.212268 0.21557 -0.0468621
0.382971 0.200473 -0.0982549
-0.297152 0.208971 -0.0683177
-0.330086 0.206606 -0.0789369
-0.0673927 0.213106 -0.025298
0.00362904 0.214379 -0.0232563
0.390134 0.193314 -0.0997638
0.320299 0.197578 -0.0735164
-0.300496 0.196466 -0.0666709
0.0319199 0.203928 -0.0215346
0.405125 0.18622 -0.104905
-0.345805 0.18968 -0.0810655
-0.110274 0.201271 -0.0266915
-0.14974 0.197676 -0.0312367
-0.188625 0.194882 -0.0374816
-0.22751 0.19246 -0.0454328
-0.436472 0.175601 -0.117585
0.1238 0.189651 -0.0259846
0.0921381 0.191731 -0.0228871
-0.311397 0.18264 -0.0674367
-0.0809964 0.192022 -0.0219576
0.156061 0.188417 -0.0303897
0.426532 0.1714 -0.111916
-0.13359 0.395318 -0.0912222
0.278399 0.179281 -0.0564151
-0.40257 0.168939 -0.100335
-0.277515 0.175525 -0.0554491
0.33692 0.172568 -0.0744162
0.420299 0.160784 -0.106973
0.242442 0.170878 -0.0450012
-0.165136 0.174447 -0.0292794
-0.203993 0.171626 -0.0361892
-0.0511143 0.176527 -0.0170324
-0.193633 0.168594 -0.0335207
-0.41413 0.155072 -0.103089
0.359294 0.158271 -0.0802947
0.0441614 0.169172 -0.0154033
0.205201 0.162257 -0.0348237
-0.0563225 0.390474 -0.0811105
-0.0985773 0.165773 -0.0187754
-0.372108 0.151834 -0.0843134
0.295251 0.154395 -0.0571379
-0.177786 0.158361 -0.0287566
-0.254192 0.15479 -0.0453135
-0.0604365 0.15755 -0.0143401
0.224762 0.153448 -0.0377443
-0.176638 0.151762 -0.0274943
0.259675 0.146256 -0.0454433
-0.179858 0.149882 -0.027793
0.25489 0.14596 -0.0441096
0.317922 0.139796 -0.0622459
0.374871 0.132788 -0.0824824
0.22275 0.137741 -0.0349041
-0.152925 0.139043 -0.0215926
0.18917 0.137878 -0.0277837
-0.230808 0.133968 -0.0362676
-0.19189 0.136339 -0.0280999
0.311539 0.129619 -0.0586488
-0.394988 0.123802 -0.0896938
0.121023 0.131625 -0.0161157
0.0882044 0.132631 -0.0127669
0.153177 0.130208 -0.020417
-0.315238 0.124071 -0.0591325
0.396615 0.117595 -0.0895781
0.276068 0.121139 -0.0465263
-0.360123 0.117236 -0.0744909
-0.172993 0.124139 -0.0229314
-0.280782 0.117341 -0.0474284
0.334361 0.114621 -0.0645511
-0.40632 0.110235 -0.0929431
-0.168586 0.115992 -0.0211617
-0.326058 0.110269 -0.0611033
0.239451 0.112708 -0.0356556
-0.347434 0.108049 -0.0685415
-0.417012 0.0964713 -0.0962331
0.100168 -0.23474 -0.0331164
0.375552 -0.113423 -0.0801653
-0.400161 -0.21929 -0.110178
0.40622 -0.157239 -0.0998548
-0.113473 -0.237638 -0.035297
0.466246 0.0338671 -0.115994
0.164588 -0.236566 -0.0424263
-0.161868 -0.237534 -0.0422023
-0.36552 -0.226585 -0.0971964
-0.0374784 -0.403736 -0.0858926
-0.258045 -0.237123 -0.0634183
0.391261 -0.224303 -0.107474
-0.286536 -0.234426 -0.0710535
0.207207 -0.219283 -0.0465954
-0.0243637 -0.22002 -0.024809
-0.365822 -0.267863 -0.108695
0.292097 -0.235853 -0.073149
-0.0462402 -0.247818 -0.0322976
0.0235362 -0.288982 -0.0429547
0.253573 -0.371715 -0.106955
0.0883565 -0.248909 -0.0355117
-0.331697 -0.275924 -0.0978675
0.265206 -0.315504 -0.0888892
0.254748 -0.24386 -0.0642458
0.132705 -0.235669 -0.0372696
0.251552 -0.262111 -0.0683246
0.153894 -0.251029 -0.0443321
0.121049 -0.250429 -0.0394623
-0.230335 -0.247513 -0.0588927
-0.303042 -0.243112 -0.0785543
0.18594 -0.251359 -0.0501342
0.14964 -0.426062 -0.107768
0.105051 0.0929715 -0.00988858
0.231678 -0.400267 -0.113371
-0.286218 -0.268173 -0.080129
-0.416803 -0.23579 -0.122117
-0.179557 -0.231087 -0.0437792
-0.0462291 0.08528 -0.00471603
0.216567 -0.253636 -0.0572554
-0.0590517 -0.260606 -0.0363624
-0.21918 -0.0991654 -0.0293681
0.15695 0.202339 -0.033343
0.242743 -0.386196 -0.110096
-0.415804 -0.223981 -0.118558
-0.411228 -0.140467 -0.0993554
-0.382481 -0.242813 -0.108512
-0.459308 -0.0986124 -0.117214
0.358583 0.0027825 -0.0665064
-0.0974522 -0.264128 -0.0404484
-0.202918 -0.258421 -0.0555196
0.0644446 -0.0359019 -0.00272474
0.00701249 -0.241086 -0.0295215
0.349043 -0.28426 -0.107047
-0.348601 -0.250627 -0.0968593
0.244172 -0.258542 -0.0653687
-0.208063 -0.0854565 -0.0256247
0.209858 -0.427297 -0.120581
-0.216454 -0.0904051 -0.0279019
0.32408 -0.145923 -0.0652924
0.175331 -0.265921 -0.0520837
-0.238289 -0.110307 -0.0350902
0.204188 -0.431498 -0.121298
-0.147332 -0.366263 -0.0812263
-0.241533 -0.304459 -0.0786061
-0.0479232 -0.375606 -0.0744604
0.0342972 -0.275062 -0.0391854
-0.0590766 -0.346352 -0.0637572
-0.23055 -0.113751 -0.0336111
-0.0588367 -0.275386 -0.0404683
-0.165651 0.0185511 -0.0139901
-0.356661 -0.0286405 -0.0662051
-0.254973 -0.266746 -0.0705725
0.302713 -0.264809 -0.084445
0.329249 -0.227182 -0.0834939
0.0477822 -0.464112 -0.115513
0.201952 -0.185233 -0.0382807
0.255429 0.0876552 -0.0371539
-0.193186 0.379608 -0.0952477
-0.0353101 -0.233955 -0.0283939
-0.0670757 -0.436121 -0.102615
-0.193649 -0.276117 -0.0585863
0.0794327 -0.466231 -0.11891
-0.202368 -0.123993 -0.0285717
-0.371015 -0.186329 -0.0902583
0.402253 -0.118918 -0.0922276
0.265131 -0.272595 -0.075123
-0.146404 -0.280656 -0.0514232
-0.268562 0.0821161 -0.040244
0.0870331 -0.41825 -0.0958473
0.257015 0.0392263 -0.0343889
0.431996 -0.0716248 -0.100973
0.0657393 -0.403434 -0.0873557
0.196359 -0.280105 -0.0603276
-0.00789602 -0.331136 -0.0564501
-0.400209 -0.26114 -0.121571
0.0283189 0.14464 -0.0109209
-0.174895 -0.269605 -0.0530446
-0.15195 -0.198932 -0.0318382
0.151996 -0.37885 -0.087109
-0.193217 -0.415229 -0.111039
-0.185353 -0.283841 -0.0592138
0.419952 0.005756 -0.0924718
0.3014 -0.350041 -0.113079
-0.16382 -0.288064 -0.0565054
0.270041 -0.0868353 -0.0410747
-0.0493191 -0.29046 -0.0443848
-0.314955 -0.277439 -0.0923486
-0.26427 -0.114266 -0.042344
0.372339 -0.127708 -0.0807316
-0.0980447 -0.391707 -0.0851489
0.118573 -0.391423 -0.0874602
-0.476186 -0.0255242 -0.121026
-0.441258 -0.0814733 -0.106326
0.00237933 -0.316116 -0.0512825
0.318866 -0.198372 -0.0731923
0.254583 -0.287504 -0.0766751
-0.0222354 -0.29856 -0.0458683
0.130337 -0.405647 -0.0953107
-0.149399 -0.296216 -0.0566359
-0.261265 0.311943 -0.0865272
0.249629 -0.162758 -0.0454346
0.18544 -0.294982 -0.0626647
0.0837039 -0.16746 -0.0176808
0.0131317 -0.302501 -0.0469415
-0.112936 -0.195928 -0.0259066
0.26821 -0.310108 -0.0879164
0.198765 -0.440613 -0.124584
0.0568992 -0.247376 -0.0327526
-0.0588737 -0.303851 -0.0491011
0.31236 -0.292825 -0.0962939
-0.147237 -0.323266 -0.0652164
-0.415509 0.0478753 -0.0916715
0.0418077 -0.364642 -0.0697912
0.204357 0.00692817 -0.0211281
0.306975 -0.0782197 -0.0515023
0.0236437 -0.154394 -0.0122736
-0.384582 -0.286044 -0.122347
0.196124 -0.323051 -0.0741633
0.375604 -0.247008 -0.106742
-0.348873 -0.292733 -0.109722
0.355214 -0.189455 -0.084615
-0.0515571 0.0743096 -0.00409842
0.275244 -0.301685 -0.0871871
0.0978793 -0.405328 -0.0910836
0.0757383 -0.39097 -0.0827183
0.206637 -0.308868 -0.0716133
0.465583 -0.0141583 -0.115109
-0.383576 0.0821539 -0.0801523
-0.174574 -0.313066 -0.0664509
0.105037 -0.393356 -0.0866337
-0.0694174 -0.317542 -0.0543
0.228455 -0.147777 -0.0377264
-0.440316 -0.172794 -0.118941
-0.108281 -0.320432 -0.0589375
-0.22263 -0.405114 -0.113254
-0.213554 -0.31519 -0.0753107
-0.203583 -0.386359 -0.100399
0.442762 -0.191201 -0.123984
-0.000564865 -0.0352824 -0.000622776
-0.218205 -0.190961 -0.0429625
-0.286847 -0.310768 -0.0938312
0.184835 -0.337622 -0.0770441
0.218016 0.0800936 -0.0273469
0.249717 -0.317711 -0.0852861
-0.0798251 -0.154542 -0.0152439
-0.107513 -0.278009 -0.0454573
0.458424 -0.0768808 -0.114598
-0.281141 -0.17267 -0.0559954
0.124661 -0.401787 -0.0927916
0.163923 -0.328059 -0.0696742
-0.23142 -0.375533 -0.102548
-0.383178 -0.108909 -0.0827688
-0.366673 -0.310646 -0.123045
-0.19709 -0.0718652 -0.0222522
0.278983 0.0243463 -0.0400126
-0.337315 -0.194212 -0.0788591
-0.190721 -0.202483 -0.0394658
0.264033 -0.357925 -0.104357
0.437978 0.087669 -0.105299
-0.259366 -0.364475 -0.105636
0.360002 -0.137056 -0.0771705
-0.331995 -0.317997 -0.111936
-0.31984 -0.218178 -0.077991
0.126215 -0.348406 -0.0711926
0.432486 -0.162441 -0.113113
0.0679782 -0.23297 -0.0298949
-0.00356039 -0.100892 -0.00510896
-0.108921 -0.144532 -0.0165129
-0.00609902 -0.285304 -0.0415822
-0.0911904 -0.168459 -0.0185184
0.253961 -0.330968 -0.0911744
-0.426053 0.0340613 -0.0959431
0.160479 -0.332632 -0.0706979
-0.00600919 -0.447577 -0.105775
-0.29229 -0.0951418 -0.0484146
-0.241412 -0.127909 -0.038044
-0.29657 -0.22192 -0.071131
-0.27494 -0.211839 -0.0621662
-0.259248 -0.278955 -0.0753517
0.348516 -0.326777 -0.121505
-0.478262 0.0230818 -0.122086
0.222908 -0.109426 -0.0313215
-0.274572 -0.336017 -0.0990544
-0.185626 -0.325985 -0.0730282
-0.174221 -0.355302 -0.0816277
0.311688 -0.335276 -0.110932
0.195044 -0.365163 -0.0897176
0.150608 -0.349787 -0.0753563
-0.00656919 -0.367119 -0.0698492
-0.277851 0.0198174 -0.0395801
0.418738 -0.131193 -0.10142
0.173373 -0.351602 -0.0800446
0.090454 -0.322525 -0.0577709
0.201962 -0.0945299 -0.0251793
0.203807 0.0556026 -0.0225692
-0.16708 0.0670591 -0.0163398
0.421561 -0.133528 -0.103085
-0.0170419 -0.41978 -0.0925341
0.417517 0.102703 -0.0971537
0.293611 0.0477537 -0.0452684
0.00171135 -0.358672 -0.0665378
-0.136241 -0.355449 -0.075287
0.38077 0.0609531 -0.0773413
0.0331572 -0.360728 -0.0679185
-0.179914 -0.187913 -0.034433
0.148777 -0.1695 -0.0257643
0.444525 0.0982445 -0.109638
0.163792 -0.359734 -0.0814337
0.168102 -0.357676 -0.0814091
-0.176826 -0.355497 -0.0822013
-0.43579 -0.119538 -0.107925
-0.00093122 -0.364456 -0.06878
0.0376497 -0.130123 -0.0092172
-0.279136 0.0684621 -0.0421922
0.187326 0.0807313 -0.0210253
-0.218294 -0.346651 -0.0877605
-0.0195516 -0.114225 -0.00673753
0.119192 -0.419378 -0.100047
0.0334714 -0.366636 -0.0702379
0.189231 -0.0163064 -0.0182028
0.129766 -0.111393 -0.0147323
0.140838 -0.393729 -0.0916268
0.0231566 -0.373414 -0.0726243
0.139804 -0.434258 -0.110127
-0.0589125 -0.271866 -0.0394697
-0.224309 -0.152112 -0.0374267
0.024996 -0.449928 -0.107285
0.0457187 -0.127319 -0.00919239
-0.0272714 -0.391395 -0.0801815
0.29665 -0.217295 -0.0700636
-0.0947696 -0.46693 -0.120798
-0.102027 -0.182255 -0.0220565
-0.256167 0.0472634 -0.0345237
0.101251 -0.447269 -0.11135
0.108083 -0.392499 -0.0866205
-0.182696 -0.444262 -0.122929
0.15171 -0.241314 -0.0414848
0.315904 0.0329704 -0.0517818
0.226784 -0.00785164 -0.0260866
-0.0608804 -0.0145315 -0.00196072
-0.287321 -0.354173 -0.110051
-0.311747 -0.197706 -0.0706312
0.343925 -0.160627 -0.0748433
0.220288 -0.413958 -0.116761
-0.21809 0.099085 -0.0291144
0.169667 -0.184939 -0.0320068
-0.0477682 -0.381684 -0.0769424
-0.26705 0.0337088 -0.0369072
-0.0561622 -0.393933 -0.0825783
0.201934 -0.363076 -0.0903856
0.172956 0.00842051 -0.0151065
-0.198856 -0.128206 -0.0283932
0.173105 -0.3928 -0.0968152
0.162743 -0.406596 -0.101004
-0.371664 0.103511 -0.0774214
-0.104665 -0.382242 -0.0818844
-0.0791954 -0.464222 -0.117829
0.392063 0.0596701 -0.0819989
0.086236 -0.375605 -0.0772409
0.218651 -0.0719616 -0.0268538
0.0792181 -0.428198 -0.0997939
0.0442486 -0.389155 -0.0798911
0.184399 -0.378972 -0.0931499
0.368132 0.0755261 -0.073299
-0.0879236 -0.420382 -0.096923
-0.390477 -0.0218151 -0.0796457
-0.213655 -0.138166 -0.0329108
0.206982 -0.132863 -0.0307189
-0.136961 -0.394425 -0.0913357
-0.338209 -0.101967 -0.0644694
-0.311151 -0.0217528 -0.0498884
-0.206773 0.113089 -0.0281689
0.154646 -0.454454 -0.122756
0.00279544 -0.139757 -0.00981808
0.0870261 -0.452602 -0.112544
0.0454527 -0.261442 -0.0358515
0.0833783 -0.0755666 -0.00635129
-0.128466 0.0698493 -0.0107489
-0.338453 0.145039 -0.0702617
-0.0246512 -0.407201 -0.086994
0.426492 -0.0324495 -0.0960909
0.2836 0.189338 -0.0599351
-0.303737 -0.109779 -0.0535897
-0.0266512 -0.433824 -0.0993966
-0.0729601 -0.219853 -0.0271992
0.247274 -0.113244 -0.0376948
0.153628 -0.116575 -0.0187719
0.148014 -0.0779601 -0.0140923
0.194506 -0.0856298 -0.0228434
0.356042 0.100039 -0.0709003
0.11581 -0.0771617 -0.00973026
0.0857738 -0.160284 -0.0166629
0.121547 -0.115845 -0.0141976
0.344092 -0.153985 -0.0737768
0.390571 -0.0898073 -0.0838184
-0.355037 -0.209256 -0.0888688
0.112036 -0.466963 -0.122849
0.0335473 -0.317931 -0.05248
0.291875 0.0961131 -0.048385
-0.0333023 -0.378351 -0.074937
0.29122 -0.101774 -0.0487728
0.384007 -0.106091 -0.0827852
-0.276746 -0.029594 -0.0395128
0.0789215 -0.413355 -0.0928567
-0.290773 0.0545873 -0.0447664
-0.23543 -0.166124 -0.0424117
0.314674 0.0814461 -0.0543008
-0.0689543 -0.141309 -0.0124388
0.161506 0.246255 -0.044346
-0.0628808 -0.365375 -0.0712658
0.189777 -0.218256 -0.0427387
0.227258 -0.30341 -0.0746373
-0.013327 0.420114 -0.0926265
-0.0235872 -0.420034 -0.0927984
0.417732 -0.0949928 -0.0964093
-0.368942 0.0786621 -0.0738823
0.18036 -0.170216 -0.0312395
0.153016 -0.303446 -0.0595181
-0.425127 -0.0151589 -0.0949932
-0.207276 -0.17677 -0.0378208
-0.174374 -0.135988 -0.0247559
0.370958 0.0744693 -0.074341
0.111071 0.3739 -0.0792057
0.23282 -0.395143 -0.111373
-0.305658 -0.0696294 -0.0504081
0.190956 -0.0876309 -0.0223208
-0.165283 -0.38395 -0.0915595
-0.291884 -0.18742 -0.062089
0.108596 -0.42844 -0.102979
-0.468694 0.0855697 -0.120793
-0.0469006 -0.42932 -0.0980663
0.446949 0.000884836 -0.105441
0.224326 -0.292192 -0.0703218
0.398781 0.070109 -0.0856376
-0.0735424 0.0964275 -0.00738061
-0.0394481 -0.087645 -0.00462961
0.465041 0.0823018 -0.118545
0.0400593 -0.109253 -0.00679353
-0.404681 0.0617901 -0.087632
0.337261 0.0178706 -0.0587584
0.161116 -0.385213 -0.0913456
-0.405278 -0.179288 -0.103559
-0.377026 -0.147737 -0.085656
-0.113451 -0.40419 -0.0923881
-0.00298329 0.0975477 -0.00477362
-0.0829156 -0.381493 -0.0793543
0.472738 -0.00440596 -0.118808
0.0266054 -0.146353 -0.0111255
-0.366823 -0.108107 -0.0760121
-0.197079 -0.1632 -0.0332912
-0.118544 -0.158105 -0.0197194
-0.427891 0.0823045 -0.0999251
0.399359 -0.0274915 -0.0836178
0.365907 -0.218299 -0.0953136
-0.349256 -0.116569 -0.0702518
-0.302601 0.0891915 -0.0510651
0.111238 -0.220427 -0.0309603
-0.29757 -0.147716 -0.0567969
0.370532 -0.0748619 -0.0742021
0.0249291 -0.0289788 -0.000730884
-0.0607628 0.0637964 -0.00388861
-0.123929 -0.210738 -0.0303449
-0.342972 -0.154724 -0.0734847
0.0146831 -0.186641 -0.0176815
0.070315 -0.37102 -0.0740411
-0.00164759 -0.20739 -0.0217431
-0.0135001 -0.206314 -0.0216072
-0.0595319 -0.234198 -0.0296354
0.233588 -0.226023 -0.054299
-0.136802 -0.222117 -0.0346247
0.307531 -0.169072 -0.063603
-0.19277 0.361058 -0.0875982
0.244705 -0.124951 -0.0384873
0.350545 -0.206146 -0.0864234
0.281993 -0.206752 -0.0631257
-0.162789 -0.213668 -0.0367525
-0.205039 0.0157722 -0.0213732
0.0259176 0.425218 -0.0952803
0.223116 -0.200263 -0.0460011
0.0891076 -0.114241 -0.0105512
0.265879 -0.139562 -0.0461495
0.116002 -0.168495 -0.0211471
0.447477 -0.138727 -0.11653
-0.184625 -0.22452 -0.04318
-0.283871 -0.156102 -0.0539294
0.243567 -0.157686 -0.0430201
-0.251444 -0.14062 -0.0423979
-0.393903 0.0754217 -0.0839474
-0.0915762 -0.0775956 -0.00722978
-0.244569 -0.115527 -0.037275
-0.417785 -0.102611 -0.097267
0.00629455 -0.11032 -0.00612384
-0.0747675 -0.102651 -0.00809648
-0.2062 0.0642406 -0.0236012
-0.439038 0.0680873 -0.104115
0.157257 -0.0156055 -0.0125655
0.18862 0.03225 -0.0184796
0.39999 0.0211202 -0.0837241
-0.291938 0.103383 -0.0491666
