36.9 0 0 4.83429e-15 78.95 0 4.83429e-15 4.83429e-15 78.95
0.0506852 -0.709798 -0.297421
0.100286 -0.693876 -0.286923
-0.266124 -0.668077 -0.305125
0.175796 -0.682541 -0.29061
0.324254 -0.65307 -0.315632
0.409053 -0.622212 -0.332521
0.11764 -0.676439 -0.272957
-0.0883101 -0.677895 -0.270165
-0.0495573 -0.675365 -0.264183
-0.31486 -0.641626 -0.300587
-0.214848 -0.657778 -0.27808
0.13487 -0.658308 -0.259432
-0.235798 -0.642522 -0.270915
-0.489649 -0.573525 -0.343256
0.00601064 -0.654313 -0.2438
0.364041 -0.608126 -0.294552
-0.12425 -0.644212 -0.245313
-0.284928 -0.616495 -0.266004
0.410738 -0.585665 -0.301222
-0.442585 -0.572766 -0.310031
0.0232878 -0.636803 -0.229325
-0.340287 -0.594349 -0.271334
0.0729627 -0.620616 -0.219287
0.0406608 -0.619124 -0.21576
-0.188441 -0.599971 -0.222488
-0.104552 -0.590498 -0.199762
0.351401 -0.55362 -0.245002
-0.0658563 -0.587782 -0.193666
-0.125939 -0.57562 -0.192039
0.288228 -0.556502 -0.22075
0.362542 -0.540545 -0.240807
-0.491216 -0.504408 -0.289874
0.398234 -0.530422 -0.251627
0.11848 -0.571306 -0.18786
0.299743 -0.544246 -0.21645
0.0218124 -0.568038 -0.177287
0.409208 -0.516936 -0.248118
0.205029 -0.546666 -0.188138
-0.241765 -0.541752 -0.194981
-0.069813 -0.555555 -0.171456
0.419755 -0.502993 -0.244484
0.527365 -0.47068 -0.292648
-0.129871 -0.543403 -0.170635
-0.196891 -0.535496 -0.178734
-0.0912434 -0.540805 -0.163815
0.114276 -0.539593 -0.165865
-0.325768 -0.509375 -0.2035
-0.0523615 -0.538052 -0.158716
0.258476 -0.519349 -0.185465
0.189494 -0.526883 -0.171455
-0.420996 -0.482886 -0.232157
-0.386777 -0.490305 -0.218972
-0.112427 -0.52594 -0.156942
-0.229107 -0.491513 -0.159807
0.04742 -0.504376 -0.137819
0.255541 -0.486883 -0.16475
0.154709 -0.494736 -0.144838
0.266638 -0.473234 -0.160385
0.198025 -0.481038 -0.145957
0.0253957 -0.490309 -0.128821
-0.145634 -0.482843 -0.136487
-0.211703 -0.474052 -0.145332
0.480551 -0.424611 -0.232682
-0.482988 -0.422084 -0.232818
-0.3121 -0.458178 -0.167734
0.413314 -0.43824 -0.201804
-0.0676788 -0.477145 -0.123785
0.277875 -0.459765 -0.156554
0.20893 -0.468013 -0.141331
0.52179 -0.406075 -0.249775
-0.408347 -0.432819 -0.196308
-0.0278697 -0.473172 -0.119471
0.388511 -0.434007 -0.187168
-0.127162 -0.464343 -0.123521
0.288691 -0.445898 -0.15275
-0.194229 -0.456407 -0.131687
0.219971 -0.45499 -0.1371
-0.088298 -0.461623 -0.117329
0.118695 -0.460234 -0.120173
0.0865043 -0.459262 -0.115921
-0.501064 -0.397608 -0.231337
0.0543205 -0.458304 -0.112866
0.398383 -0.419468 -0.184318
-0.322463 -0.429478 -0.156456
0.161744 -0.447403 -0.120415
0.2994 -0.432009 -0.149278
0.129188 -0.447785 -0.115241
0.33679 -0.42372 -0.159147
0.0967662 -0.446924 -0.110677
0.372975 -0.414709 -0.169997
-0.176408 -0.438852 -0.118927
0.0329349 -0.443305 -0.104235
0.172949 -0.434397 -0.116038
-0.138806 -0.436585 -0.111109
0.13906 -0.434498 -0.110127
0.346901 -0.409491 -0.156213
-0.0997338 -0.433615 -0.104438
-0.0601728 -0.42995 -0.0991545
0.0116322 -0.428485 -0.0965258
0.183142 -0.421468 -0.111843
0.622794 -0.335379 -0.293141
-0.333043 -0.401228 -0.146713
-0.435856 -0.379431 -0.183874
-0.186865 -0.409971 -0.107248
0.194345 -0.407877 -0.107887
-0.00977827 -0.413858 -0.0897112
-0.149258 -0.407587 -0.0991141
-0.288607 -0.394617 -0.127656
0.436682 -0.368806 -0.179457
0.502006 -0.354654 -0.211197
-0.215183 -0.398941 -0.108629
-0.10989 -0.40479 -0.0922174
-0.315703 -0.38349 -0.13209
-0.0709869 -0.401891 -0.0870682
0.136701 -0.399907 -0.0936957
0.205355 -0.394002 -0.104125
0.274966 -0.385888 -0.119384
-0.000189546 -0.400991 -0.0839181
-0.2434 -0.388143 -0.111123
-0.453718 -0.354708 -0.18249
-0.270352 -0.376749 -0.114015
0.285245 -0.371111 -0.116308
-0.0203191 -0.385035 -0.0773218
0.32261 -0.363378 -0.125998
-0.158909 -0.378386 -0.0880943
-0.225181 -0.370338 -0.0988102
-0.120877 -0.376144 -0.0813571
0.359549 -0.354135 -0.136685
-0.0811531 -0.373119 -0.0757723
0.227736 -0.365639 -0.0975342
0.126127 -0.371699 -0.0802546
0.394801 -0.344791 -0.148383
-0.360695 -0.348501 -0.134872
0.463369 -0.331614 -0.17822
-0.470316 -0.329559 -0.181347
-0.253137 -0.359617 -0.101892
0.0939491 -0.370544 -0.0759489
-0.0427252 -0.370757 -0.0722533
-0.429106 -0.333366 -0.160515
-0.394524 -0.340098 -0.14637
0.33259 -0.348545 -0.123701
0.23815 -0.351239 -0.0945081
0.137025 -0.357918 -0.0763558
0.504431 -0.312897 -0.195236
0.104937 -0.35689 -0.0717662
0.0727243 -0.355752 -0.0682535
-0.0307278 -0.35643 -0.0661835
-0.526895 -0.301312 -0.205272
-0.169028 -0.350113 -0.0786692
-0.343383 -0.330706 -0.120954
-0.130318 -0.347453 -0.0714021
0.640322 -0.26956 -0.280747
0.543299 -0.29373 -0.213521
-0.377065 -0.32235 -0.131719
0.147971 -0.3442 -0.0728372
0.115876 -0.343229 -0.0679236
-0.411461 -0.315202 -0.144812
-0.196765 -0.338566 -0.0798606
0.0835352 -0.341951 -0.0640025
-0.297775 -0.32318 -0.101732
0.323167 -0.321254 -0.109854
0.421627 -0.307598 -0.146997
-0.626558 -0.263795 -0.266626
0.488272 -0.293844 -0.178266
-0.225237 -0.327642 -0.0824385
-0.0813693 -0.331225 -0.0599633
0.126803 -0.329344 -0.0643433
0.2282 -0.323605 -0.0817382
0.0945892 -0.328361 -0.0601958
0.395815 -0.302554 -0.132941
0.296426 -0.314967 -0.0983754
-0.359855 -0.304804 -0.118185
-0.25247 -0.316357 -0.0855726
0.0623077 -0.327362 -0.0571576
-0.0767125 -0.32618 -0.0578101
0.558975 -0.270151 -0.216058
-0.394137 -0.297657 -0.130485
0.0595538 -0.324714 -0.0560645
0.333298 -0.30624 -0.1083
-0.428388 -0.29037 -0.144332
-0.0749057 -0.319601 -0.0554131
0.369486 -0.29752 -0.119681
0.137609 -0.315544 -0.06112
0.238794 -0.308928 -0.0793803
0.105524 -0.314502 -0.0566267
0.0731601 -0.313277 -0.0531603
-0.168584 -0.307806 -0.0636055
0.505128 -0.270828 -0.18055
-0.0580975 -0.3109 -0.0513348
-0.129494 -0.304531 -0.0563411
-0.526217 -0.258631 -0.189935
-0.376723 -0.279897 -0.116972
-0.196269 -0.29619 -0.0652541
-0.0908065 -0.301947 -0.0510099
0.116406 -0.300729 -0.0534211
-0.0200181 -0.300886 -0.0465502
0.573984 -0.246461 -0.219104
-0.411169 -0.2728 -0.130218
0.28697 -0.286743 -0.085983
0.54367 -0.251626 -0.199308
-0.204263 -0.292949 -0.0659456
-0.1589 -0.293764 -0.0574218
-0.297139 -0.280522 -0.0873031
0.324088 -0.278651 -0.0959421
-0.223976 -0.284988 -0.0680041
-0.0799342 -0.288017 -0.0457166
0.360511 -0.269207 -0.106938
-0.0120301 -0.287794 -0.0423832
-0.00884867 -0.287802 -0.042351
0.228737 -0.280532 -0.0678084
-0.549522 -0.237637 -0.199029
-0.173398 -0.280396 -0.0559071
-0.252328 -0.274241 -0.0720333
-0.509952 -0.241246 -0.174318
-0.394107 -0.255982 -0.117304
0.463508 -0.246694 -0.14894
-0.469145 -0.244685 -0.151453
-0.0695531 -0.274633 -0.0409699
0.207457 -0.266648 -0.0587982
-0.314192 -0.255819 -0.0857573
-0.0221389 -0.270159 -0.0374388
0.276776 -0.258243 -0.074416
0.438583 -0.24185 -0.134464
-0.242106 -0.260422 -0.0653531
-0.0466603 -0.265084 -0.0369043
-0.268906 -0.249252 -0.0696435
-0.0588052 -0.259244 -0.0359801
0.412751 -0.236866 -0.120494
0.218108 -0.251827 -0.0571256
-0.128723 -0.254963 -0.0416555
-0.452035 -0.227291 -0.137444
0.185676 -0.251517 -0.0501244
0.479746 -0.223237 -0.151467
0.255333 -0.245045 -0.0647149
0.385761 -0.231698 -0.106969
-0.602632 -0.199745 -0.227383
-0.117797 -0.248551 -0.0385708
-0.330968 -0.2308 -0.0850184
-0.0782663 -0.245428 -0.0337497
-0.258077 -0.235608 -0.0630448
-0.372634 -0.226657 -0.100127
0.197126 -0.237073 -0.0487177
-0.185854 -0.238881 -0.0469028
0.164714 -0.23878 -0.0429977
-0.145948 -0.237135 -0.039549
-0.366745 -0.223714 -0.0969772
0.550507 -0.199649 -0.189394
0.580975 -0.194815 -0.209737
0.609961 -0.189849 -0.230647
0.265774 -0.229201 -0.0636075
-0.107122 -0.234689 -0.03385
0.170856 -0.233064 -0.0426655
-0.0496723 -0.234716 -0.0292061
-0.285627 -0.224129 -0.0682367
-0.212728 -0.229307 -0.0501763
-0.433885 -0.209323 -0.123685
0.0349937 -0.232158 -0.0279515
-0.0678877 -0.231274 -0.0294829
0.303323 -0.221081 -0.0731135
0.00293888 -0.229725 -0.026749
0.646149 -0.175146 -0.257157
0.175873 -0.222234 -0.0410001
0.495123 -0.19956 -0.154406
0.402703 -0.208292 -0.108684
-0.249947 -0.218869 -0.0568019
-0.135464 -0.223403 -0.0347328
-0.0486523 -0.225422 -0.0269544
0.340282 -0.212275 -0.0839498
0.142882 -0.222128 -0.0355086
-0.0962896 -0.220629 -0.0294069
0.14371 -0.22028 -0.0352077
-0.348293 -0.207167 -0.0857933
-0.201892 -0.215024 -0.0444874
0.470041 -0.194801 -0.13912
-0.703834 -0.155934 -0.306962
-0.0884452 -0.218035 -0.028075
0.0467243 -0.217581 -0.0250767
0.375601 -0.202937 -0.0957098
-0.382778 -0.199352 -0.0979248
-0.416947 -0.19254 -0.111696
-0.0500745 -0.211426 -0.0238895
-0.229806 -0.204571 -0.0485064
-0.303468 -0.199936 -0.0683709
0.154236 -0.207299 -0.0339573
-0.0857381 -0.206982 -0.0254194
0.122252 -0.206288 -0.0291758
0.0897902 -0.204957 -0.0253562
-0.156375 -0.202711 -0.0333279
0.223382 -0.200302 -0.0460715
0.509521 -0.175943 -0.157722
-0.608421 -0.16095 -0.222877
0.541077 -0.170978 -0.176591
0.292064 -0.191855 -0.0630421
0.630358 -0.15663 -0.23966
0.391919 -0.179603 -0.0977016
0.485283 -0.171007 -0.142529
-0.21919 -0.189699 -0.0429367
0.328812 -0.183115 -0.0735272
-0.439943 -0.170718 -0.118351
0.201946 -0.185622 -0.0383544
0.665183 -0.141969 -0.266941
-0.308013 -0.179389 -0.0656833
-0.515032 -0.160897 -0.158065
-0.246677 -0.179702 -0.0477093
0.271578 -0.177446 -0.0540833
-0.206456 -0.178641 -0.0379899
-0.354552 -0.168043 -0.0801878
-0.0634449 -0.179297 -0.018253
0.219155 -0.175364 -0.0401986
0.224956 -0.174469 -0.0413785
0.0081694 -0.178147 -0.0160301
0.433628 -0.161029 -0.113413
0.554996 -0.147365 -0.181304
0.58512 -0.142611 -0.201691
-0.388037 -0.160023 -0.0923546
0.180823 -0.170486 -0.0313733
-0.235664 -0.165292 -0.0423252
-0.152265 -0.16848 -0.0261264
0.345348 -0.15995 -0.0752564
0.407764 -0.155912 -0.100322
-0.423058 -0.154097 -0.107097
-0.308475 -0.160613 -0.0624249
0.499797 -0.147531 -0.146514
-0.196141 -0.164634 -0.0333436
-0.0512081 -0.166144 -0.015229
0.250017 -0.162658 -0.045519
-0.248382 -0.161118 -0.0448312
-0.196376 -0.16215 -0.0329716
0.258864 -0.158177 -0.0471257
0.221939 -0.159129 -0.0380119
0.380421 -0.150825 -0.0875684
0.242843 -0.157121 -0.0427434
-0.293121 -0.154423 -0.056478
0.474845 -0.142363 -0.131521
0.159441 -0.154847 -0.0250123
0.449214 -0.137351 -0.117197
0.422816 -0.132386 -0.103507
0.210607 -0.144153 -0.0331159
0.297447 -0.139779 -0.0555494
-0.445558 -0.131611 -0.114474
-0.252596 -0.140856 -0.0427359
-0.261975 -0.139423 -0.0450495
-0.0605842 -0.143558 -0.0122143
0.544732 -0.118827 -0.169851
-0.359857 -0.12971 -0.0760526
0.575691 -0.114162 -0.190341
0.396029 -0.12713 -0.0906053
0.60499 -0.10933 -0.211309
-0.394693 -0.122723 -0.0894195
-0.241155 -0.126491 -0.0377919
0.275981 -0.124716 -0.0469626
-0.596732 -0.104229 -0.204357
-0.315009 -0.122976 -0.0589121
0.463224 -0.113688 -0.121081
0.0136798 -0.125878 -0.00804862
-0.468985 -0.110727 -0.123762
-0.348859 -0.11492 -0.0698973
0.312772 -0.116006 -0.0572825
0.640591 -0.0944937 -0.237954
0.185775 -0.117471 -0.024455
0.437192 -0.108569 -0.107209
-0.0607815 -0.119251 -0.00899802
0.153589 -0.117034 -0.0188204
-0.230832 -0.112514 -0.0335337
-0.383359 -0.107644 -0.0826949
0.254668 -0.109907 -0.0392376
-0.303409 -0.108239 -0.0533071
0.0566456 -0.11298 -0.00801871
-0.417105 -0.100254 -0.0966879
-0.259189 -0.102783 -0.0396579
0.292203 -0.101196 -0.0490128
-0.218709 -0.0994796 -0.0292939
-0.493003 -0.0904029 -0.134682
0.509835 -0.0853927 -0.143976
0.00199034 -0.0981551 -0.00483086
0.328424 -0.0924199 -0.0600019
0.39177 -0.0887981 -0.0842319
-0.285946 -0.0888162 -0.0458791
-0.247405 -0.088579 -0.0351453
0.270987 -0.0862971 -0.0412932
-0.440433 -0.0792886 -0.105723
-0.0639174 -0.0885242 -0.00597886
-0.609217 -0.0696328 -0.210059
-0.207794 -0.0856788 -0.0255869
-0.562431 -0.0692304 -0.176059
0.458849 -0.0749927 -0.114656
-0.355102 -0.0769627 -0.0683459
-0.280578 -0.0790906 -0.043433
0.307899 -0.0777059 -0.0517596
0.180039 -0.0788564 -0.0195064
0.432973 -0.0701006 -0.101323
-0.236389 -0.074728 -0.0312193
-0.0915077 -0.0766426 -0.00714943
-0.646216 -0.0567625 -0.238959
-0.20221 -0.0729051 -0.0233752
0.24908 -0.071464 -0.0341573
0.285069 -0.0708894 -0.0441179
-0.3091 -0.0699147 -0.0515438
-0.219926 -0.0713141 -0.0270935
-0.197351 -0.0715511 -0.0222817
-0.0998949 -0.0727711 -0.00766671
-0.061451 -0.0731307 -0.00457262
0.0371467 -0.0732967 -0.00338186
0.130247 -0.0726582 -0.0111843
0.405661 -0.0665466 -0.0884021
-0.401071 -0.0329563 -0.0845462
0.0948455 -0.0348209 -0.00511718
0.266643 -0.0341703 -0.0368106
0.320826 -0.0337764 -0.0534642
0.502914 -0.0309903 -0.136219
0.426975 -0.0311607 -0.0962737
-0.0608579 -0.030828 -0.00232974
-0.276919 -0.0288138 -0.0395388
0.399145 -0.0263681 -0.0834913
-0.476228 -0.0237584 -0.120999
-0.516978 -0.0205177 -0.144247
-0.390813 -0.0206134 -0.0797606
-0.311421 -0.0210366 -0.0499607
0.547782 -0.0181732 -0.163576
0.491526 -0.0179708 -0.129323
0.270191 -0.0188768 -0.0373785
0.188963 -0.0166078 -0.0181563
0.157053 -0.015216 -0.0125271
0.524114 -0.0129088 -0.14845
0.465856 -0.0128552 -0.115233
0.226424 -0.00765728 -0.0260012
0.47301 -0.00264316 -0.118947
0.447025 0.00239605 -0.105482
0.358562 0.00368488 -0.0665013
0.204763 0.00701316 -0.0212135
0.17281 0.00874907 -0.0150837
0.419863 0.00718769 -0.0924408
-0.622901 0.0132277 -0.217811
-0.57664 0.013526 -0.183114
-0.403405 0.0146385 -0.0850956
-0.165668 0.0187685 -0.013997
0.337283 0.0186484 -0.0587815
-0.277747 0.020525 -0.0395651
0.399954 0.0222067 -0.0837337
0.279083 0.024963 -0.0400577
0.288944 0.0245638 -0.042969
-0.478299 0.0248328 -0.122154
0.517052 0.0255008 -0.144426
0.315577 0.0333445 -0.0516859
0.188472 0.0322887 -0.0184524
-0.0449294 0.0364557 -0.00167524
0.491876 0.030457 -0.129868
-0.658647 0.0263197 -0.248008
-0.267332 0.0338126 -0.0369889
0.548271 0.0302347 -0.164246
-0.425996 0.0356211 -0.0959765
0.465852 0.0353662 -0.115844
0.256603 0.0396611 -0.0342973
-0.255934 0.0479533 -0.0344958
0.293131 0.0482049 -0.0451438
0.607543 0.0396648 -0.206704
-0.41516 0.0492243 -0.0915844
-0.548582 0.0451442 -0.165123
-0.290375 0.0553361 -0.0446885
0.203148 0.055772 -0.0224417
-0.100261 0.0590436 -0.00679223
-0.404257 0.0630103 -0.0875277
-0.167303 0.0670856 -0.0163796
0.0136486 0.0708151 -0.00260392
-0.279725 0.0689774 -0.0424009
0.336031 0.067245 -0.0605528
-0.577516 0.062387 -0.186008
0.27779 0.0735184 -0.0421756
0.398662 0.0708296 -0.0856415
-0.223497 0.0761187 -0.0282722
-0.313951 0.0761732 -0.0536214
0.186793 0.0806275 -0.020915
0.540415 0.0686981 -0.161411
-0.393317 0.076869 -0.0838162
-0.479156 0.0735335 -0.125356
0.646776 0.0640289 -0.240013
-0.268263 0.0826252 -0.0402041
0.057383 0.0856211 -0.00532608
0.313758 0.0817622 -0.0540238
0.51573 0.0734096 -0.1464
-0.229566 0.0853897 -0.03046
-0.348493 0.0833634 -0.0664033
0.224507 0.0879912 -0.0295083
0.490432 0.07894 -0.132103
-0.302376 0.090205 -0.0510893
0.546878 0.0784957 -0.166475
0.464088 0.0838989 -0.118193
-0.382088 0.0906153 -0.0803274
-0.468178 0.0873564 -0.120695
0.260961 0.0972815 -0.0395648
-0.218425 0.0993818 -0.0292201
-0.336816 0.0973575 -0.0634763
-0.179369 0.102314 -0.0215529
0.4965 0.0896492 -0.136605
-0.263525 0.100692 -0.040617
-0.140557 0.10485 -0.0154949
0.355512 0.100436 -0.07074
-0.417065 0.097514 -0.0963694
0.169575 0.105599 -0.0201566
-0.0307861 0.109181 -0.00645495
0.137864 0.106866 -0.015331
0.105599 0.108032 -0.0114768
0.32543 0.10387 -0.0601561
0.444151 0.0990919 -0.109545
0.298003 0.106974 -0.0514482
-0.457488 0.101152 -0.116556
-0.371163 0.104618 -0.0773445
0.416439 0.103869 -0.096789
-0.326307 0.110928 -0.0612675
0.238412 0.113 -0.0354324
-0.0606697 0.120077 -0.00909101
-0.498639 0.104512 -0.139514
0.213067 0.117974 -0.030111
-0.241497 0.120572 -0.0371182
0.333072 0.115294 -0.0641738
0.423222 0.114274 -0.101209
-0.360607 0.118118 -0.0747916
-0.538175 0.107693 -0.164075
-0.446459 0.114995 -0.112616
0.395147 0.11877 -0.0890926
-0.0153067 0.132365 -0.0089171
0.183762 0.133119 -0.0260848
0.281191 0.131291 -0.0493715
-0.191828 0.137139 -0.0282002
0.190248 0.138797 -0.028125
-0.152732 0.139974 -0.0216952
0.401996 0.129271 -0.0935296
-0.435533 0.128817 -0.109092
-0.264859 0.141549 -0.0461585
0.317347 0.140213 -0.0621134
0.226977 0.144469 -0.0368747
0.226915 0.148068 -0.037407
0.258756 0.14674 -0.0452684
-0.0703728 0.155184 -0.0146242
0.000340962 0.156476 -0.0123183
0.380649 0.144231 -0.0865978
-0.675354 0.115655 -0.271631
-0.424218 0.14267 -0.105749
0.294713 0.150973 -0.0564157
0.46677 0.14208 -0.127109
-0.214846 0.158108 -0.0362349
-0.179299 0.158546 -0.0290649
-0.137402 0.163299 -0.0230382
-0.176399 0.160556 -0.028864
0.549039 0.136683 -0.175455
0.108762 0.166622 -0.0199959
0.172736 0.163933 -0.0287698
-0.166211 0.165051 -0.027821
0.141145 0.165503 -0.0239433
-0.28866 0.162547 -0.0564674
0.357941 0.158644 -0.0798313
0.238599 0.164953 -0.0429938
-0.413337 0.156532 -0.102977
0.300969 0.165391 -0.0608178
0.473064 0.15213 -0.132205
-0.368246 0.163129 -0.0846947
0.21041 0.172771 -0.0377745
-0.656796 0.133418 -0.257828
-0.322339 0.169778 -0.0687249
-0.546033 0.152412 -0.176217
0.363478 0.16919 -0.0838893
-0.238234 0.179105 -0.04545
-0.155954 0.182456 -0.0292331
0.247492 0.181795 -0.0483181
-0.593477 0.151721 -0.209578
0.42494 0.172014 -0.111272
-0.0107006 0.191567 -0.0185788
-0.443683 0.173612 -0.120793
0.225114 0.189688 -0.0443107
0.341736 0.183517 -0.0782963
-0.535667 0.166193 -0.172087
0.283712 0.189925 -0.0600871
-0.187959 0.196226 -0.0376245
0.589321 0.161361 -0.208379
-0.149111 0.199 -0.0314109
0.129078 0.199966 -0.0287367
-0.0793861 0.200565 -0.0235413
0.161233 0.19904 -0.0333631
0.193063 0.197749 -0.0389474
0.0964746 0.201261 -0.0252247
0.431041 0.182633 -0.116344
0.0646741 0.203099 -0.02298
0.403039 0.186936 -0.104112
-0.345538 0.191098 -0.0812592
-0.261759 0.200176 -0.0558539
-0.431995 0.187332 -0.117794
-0.139564 0.205724 -0.0313929
-0.104975 0.210274 -0.0280097
0.229652 0.206087 -0.0487963
0.0361206 0.213692 -0.023767
-0.0658846 0.21393 -0.0253754
-0.295981 0.207015 -0.0675087
0.409614 0.197321 -0.109337
-0.059395 0.220007 -0.0263116
0.324795 0.208366 -0.0774538
-0.42142 0.201276 -0.115753
-0.172699 0.219828 -0.0398695
0.26673 0.214672 -0.0604411
-0.375963 0.207856 -0.0969787
-0.513691 0.194006 -0.164247
-0.330158 0.214479 -0.0807643
-0.0505496 0.229023 -0.0278923
-0.0595306 0.229157 -0.0284327
0.386868 0.211843 -0.102528
-0.24645 0.223667 -0.0570073
0.272092 0.225316 -0.0644795
-0.0905537 0.234485 -0.0321069
0.148891 0.233685 -0.0391551
0.116616 0.235058 -0.0350395
0.180504 0.2323 -0.0442518
0.0836996 0.23593 -0.0318411
0.0235672 0.238188 -0.0290668
-0.50264 0.207826 -0.160857
0.393077 0.222403 -0.107796
0.161293 0.239978 -0.0427148
-0.450288 0.218275 -0.134207
-0.158623 0.24064 -0.0424348
0.217637 0.240767 -0.0541326
-0.195826 0.241052 -0.0494496
-0.0475299 0.24674 -0.0320845
-0.156936 0.243584 -0.0429014
0.114905 0.246906 -0.0377971
0.0381364 0.252103 -0.0330513
0.222654 0.245612 -0.056549
-0.269316 0.245189 -0.0686828
0.153895 0.252139 -0.0446247
0.370269 0.236631 -0.10172
-0.141892 0.253604 -0.0431553
-0.0588625 0.255714 -0.0350412
0.313432 0.243697 -0.0821916
0.159623 0.254385 -0.0461609
0.253927 0.249445 -0.0654957
-0.440217 0.232163 -0.132642
-0.394815 0.238845 -0.112828
-0.0740092 0.259127 -0.0369964
-0.349599 0.245368 -0.0958015
-0.303775 0.25226 -0.0812588
0.376124 0.247267 -0.107033
-0.196781 0.262343 -0.0553023
-0.480833 0.2353 -0.15535
0.0349892 0.268572 -0.0373761
0.259693 0.260092 -0.0699937
-0.183046 0.26503 -0.0532935
-0.180085 0.264728 -0.0526413
-0.140703 0.267039 -0.0466412
0.136487 0.2686 -0.046467
-0.383658 0.252683 -0.111767
0.488589 0.239635 -0.161039
-0.253923 0.268798 -0.0708765
0.462198 0.244744 -0.147666
-0.0589073 0.278611 -0.0414043
-0.0982454 0.279627 -0.0449311
0.109762 0.277428 -0.0455443
0.0763926 0.280946 -0.0433217
0.295139 0.268061 -0.0829197
0.205228 0.27585 -0.0609642
0.0735907 0.283018 -0.0437127
-0.393541 0.263504 -0.119267
-0.287893 0.275672 -0.0828727
0.494001 0.249649 -0.16715
0.115431 0.286034 -0.0487586
0.467507 0.254565 -0.153458
0.358268 0.271279 -0.106663
0.301086 0.278307 -0.0879189
0.163297 0.288766 -0.0566293
0.210596 0.286167 -0.0652499
0.0487489 0.292537 -0.0449893
-0.412812 0.26971 -0.130033
-0.368093 0.276347 -0.112227
0.549435 0.249088 -0.202456
-0.322704 0.28315 -0.0968456
-0.238216 0.292679 -0.0739373
0.47262 0.264547 -0.159378
0.499063 0.259929 -0.173336
-0.199871 0.294834 -0.0655885
-0.160216 0.29739 -0.0587827
-0.121383 0.300305 -0.0539118
0.0528819 0.30069 -0.0477454
0.246983 0.294101 -0.0766884
0.364018 0.282116 -0.112362
-0.130189 0.305033 -0.0565989
-0.272763 0.299561 -0.0857443
0.529488 0.264734 -0.194048
0.504051 0.270124 -0.179655
0.477887 0.274954 -0.165719
-0.0784668 0.312799 -0.0534273
0.561877 0.263442 -0.215849
-0.443217 0.286917 -0.150743
-0.398186 0.293393 -0.130881
-0.306668 0.306557 -0.098902
-0.183707 0.319218 -0.070295
0.165557 0.321445 -0.0676568
-0.221986 0.316665 -0.0778038
-0.0347128 0.325729 -0.0551744
0.456075 0.289546 -0.158478
0.482651 0.285111 -0.171894
0.534226 0.274592 -0.200499
-0.144343 0.322113 -0.0643673
0.101097 0.324461 -0.0595192
0.133458 0.323507 -0.0632332
0.345432 0.305958 -0.112832
-0.105129 0.325685 -0.0603846
-0.305446 0.313255 -0.100793
0.0735692 0.335015 -0.0606637
-0.256606 0.323091 -0.0890852
-0.101682 0.333817 -0.0628623
0.0408115 0.336728 -0.0592829
0.202556 0.330215 -0.0780839
0.293261 0.322836 -0.100125
0.350974 0.316023 -0.118554
0.433404 0.30417 -0.151683
0.461203 0.299826 -0.164898
0.487282 0.295179 -0.178157
-0.427803 0.310364 -0.151084
-0.290983 0.330319 -0.102103
-0.0580786 0.346405 -0.0637146
-0.166707 0.342966 -0.0755633
0.0138479 0.348311 -0.0627231
0.356149 0.326643 -0.124522
0.465843 0.309906 -0.171177
0.543012 0.29395 -0.213406
-0.634571 0.273671 -0.277211
-0.163872 0.352105 -0.078497
-0.202507 0.349528 -0.0852209
-0.124313 0.355775 -0.0737331
0.244072 0.348933 -0.0951935
0.547505 0.303964 -0.220356
-0.508086 0.317 -0.199151
-0.0103752 0.368476 -0.0704206
-0.457271 0.327803 -0.17329
-0.0811086 0.36797 -0.0737066
0.447887 0.333681 -0.17051
0.474941 0.329518 -0.184005
0.526575 0.319416 -0.21216
-0.354921 0.354552 -0.134943
-0.400737 0.348377 -0.152626
0.0978449 0.378741 -0.0796839
0.129696 0.37706 -0.082937
-0.309299 0.361799 -0.120548
0.284865 0.366938 -0.114444
0.452814 0.34385 -0.177366
0.479344 0.339582 -0.190733
0.530876 0.329074 -0.219051
0.555452 0.323027 -0.233758
-0.143324 0.385658 -0.0885581
-0.0337219 0.389452 -0.0795706
-0.305991 0.371134 -0.123285
-0.182553 0.383035 -0.0944844
0.0696706 0.389485 -0.0816062
-0.221123 0.380911 -0.102219
0.102458 0.388952 -0.0844572
-0.441551 0.351262 -0.174381
0.134876 0.387796 -0.0881762
0.166962 0.385881 -0.0926855
0.288467 0.376222 -0.119521
0.34656 0.370143 -0.138089
0.456975 0.353539 -0.183799
-0.100353 0.39828 -0.088242
-0.255382 0.387499 -0.11421
0.0423484 0.401266 -0.0850177
0.0745302 0.399848 -0.0864536
0.171987 0.395853 -0.0979352
0.559321 0.332716 -0.24075
-0.384924 0.371836 -0.155268
0.203564 0.394347 -0.103868
0.351427 0.379972 -0.14436
-0.590417 0.329001 -0.263002
0.461337 0.363289 -0.190562
0.160365 0.404929 -0.0998247
0.256212 0.396103 -0.118264
-0.65433 0.310485 -0.310471
0.0466524 0.41126 -0.0896766
0.513714 0.353463 -0.218231
-0.289578 0.394947 -0.128127
-0.0559336 0.411948 -0.090511
0.538875 0.347914 -0.232817
0.208761 0.40506 -0.109862
0.562557 0.342569 -0.247553
0.298948 0.396776 -0.13213
0.356111 0.389749 -0.150718
0.0188003 0.421578 -0.0934026
0.465328 0.372998 -0.197291
-0.161659 0.417608 -0.105869
0.49195 0.368078 -0.211011
0.21336 0.415166 -0.115627
-0.46665 0.378135 -0.200468
0.303776 0.407001 -0.138565
0.360872 0.399745 -0.1574
-0.0131985 0.429791 -0.0971681
-0.518449 0.367665 -0.227968
-0.118568 0.427472 -0.103781
-0.348969 0.429578 -0.167123
0.317195 0.437663 -0.158669
0.373017 0.429572 -0.17761
-0.175916 0.45895 -0.129128
-0.299763 0.446113 -0.156717
0.262337 0.452671 -0.147786
-0.681051 0.344357 -0.35379
0.321489 0.44688 -0.165169
-0.132966 0.470274 -0.127554
-0.0226188 0.475473 -0.12056
-0.210765 0.465082 -0.140188
-0.538348 0.405146 -0.261056
0.325833 0.456485 -0.172078
-0.0186041 0.484704 -0.125519
-0.245003 0.472328 -0.153313
-0.328708 0.463006 -0.17685
0.271185 0.472154 -0.161233
-0.374496 0.456481 -0.19292
0.329685 0.46591 -0.178881
-0.0851999 0.492892 -0.134091
0.121347 0.493017 -0.138484
0.413929 0.454345 -0.211182
0.125885 0.502666 -0.144734
-0.275004 0.489389 -0.172431
0.0980142 0.513792 -0.147703
-0.45572 0.4632 -0.239891
-0.353785 0.489882 -0.203224
-0.507429 0.452726 -0.266819
0.10238 0.523724 -0.154287
0.134835 0.522189 -0.157897
0.474936 0.463717 -0.252069
0.370684 0.491882 -0.212189
-0.30386 0.506401 -0.193014
0.526175 0.452996 -0.280324
0.258766 0.514459 -0.182459
-0.350675 0.500299 -0.208339
-0.0280599 0.534961 -0.155589
-0.137772 0.530548 -0.163616
-0.176889 0.528238 -0.169534
0.139242 0.531816 -0.164666
-0.215228 0.52527 -0.176733
0.374252 0.500275 -0.219192
-0.0236104 0.544542 -0.161599
-0.133512 0.540799 -0.169512
-0.490542 0.475715 -0.269888
0.26647 0.532446 -0.196573
-0.0188781 0.554536 -0.168054
0.325338 0.526276 -0.214386
-0.244842 0.54231 -0.196288
-0.0852908 0.562553 -0.17765
-0.0143664 0.56446 -0.174664
-0.373873 0.526654 -0.236551
-0.24089 0.552485 -0.202045
-0.0808246 0.572236 -0.183903
-0.324417 0.543035 -0.225489
-0.00982534 0.574026 -0.181222
-0.470396 0.509089 -0.279197
-0.370404 0.536955 -0.242055
0.248524 0.56366 -0.212267
-0.00523071 0.583721 -0.188062
0.364241 0.550094 -0.248518
0.311076 0.566702 -0.237058
0.494584 0.518032 -0.302125
-0.265007 0.578735 -0.228743
-0.261021 0.589106 -0.235264
0.346461 0.581563 -0.263964
-0.497072 0.542172 -0.322527
0.17515 0.617557 -0.233224
-0.0923292 0.629858 -0.228797
0.147188 0.628138 -0.235947
0.177918 0.625325 -0.240188
0.481201 0.558697 -0.324498
-0.0874766 0.638989 -0.235774
0.269418 0.618527 -0.261868
-0.238222 0.638664 -0.268318
-0.371079 0.612279 -0.301849
-0.233263 0.648192 -0.275131
-0.366724 0.622192 -0.308342
0.0298367 0.668855 -0.257206
-0.112288 0.666042 -0.262586
-0.31662 0.638341 -0.298378
-0.362213 0.632059 -0.314943
-0.116447 0.677061 -0.273344
-0.185479 0.670535 -0.281682
-0.357247 0.641871 -0.32149
0.338792 0.646905 -0.316821
0.103131 0.685014 -0.278806
-0.450152 0.635099 -0.372296
