36.9 0 0 4.83429e-15 78.95 0 4.83429e-15 4.83429e-15 78.95
0.0479967 0.474941 -0.121292
0.399211 -0.0273231 -0.083548
0.0464978 -0.464864 -0.11584
-0.357159 0.289065 -0.111812
-0.30387 -0.242897 -0.0787706
-0.19173 0.136724 -0.0281223
0.222247 0.137467 -0.0347491
-0.213269 -0.272766 -0.0618553
0.27117 -0.0767176 -0.0405307
0.370658 -0.0746782 -0.0742376
0.307124 -0.0780657 -0.0515376
0.00974045 0.40101 -0.0839782
-0.201626 -0.215004 -0.0444267
-0.225639 0.3693 -0.0984985
0.458623 -0.0761412 -0.114637
0.178722 0.0999278 -0.0211881
-0.441076 -0.0806138 -0.106158
-0.383818 -0.0827722 -0.0803085
0.390953 -0.0897702 -0.0839775
-0.365728 -0.225563 -0.0970246
-0.338314 -0.10166 -0.064474
0.216773 -0.337433 -0.0839495
-0.458653 -0.103008 -0.117375
-0.315489 -0.189675 -0.0702204
0.401171 -0.209253 -0.108218
-0.382679 -0.108267 -0.0824842
0.0691706 -0.4781 -0.124422
-0.349123 -0.115804 -0.070106
-0.0322203 0.270032 -0.0376878
0.152476 -0.42984 -0.110062
-0.188228 0.195166 -0.0374614
0.462548 -0.114971 -0.120892
-0.0246242 -0.219879 -0.0247836
-0.311886 0.182894 -0.0676497
0.192201 0.164185 -0.0324762
0.207054 -0.132632 -0.0307026
0.17357 -0.392724 -0.0968714
0.426804 -0.0322101 -0.0962297
-0.269983 -0.336006 -0.0976646
-0.208175 -0.0855005 -0.0256526
-0.164978 0.287118 -0.0564186
0.202213 -0.185139 -0.0383175
0.421646 -0.133273 -0.103087
0.360398 -0.136789 -0.0772855
0.472943 -0.00352434 -0.118914
0.270101 -0.0866176 -0.0410721
0.265759 -0.272604 -0.075306
0.447743 -0.138522 -0.116633
-0.297535 -0.147628 -0.0567721
-0.411377 -0.140247 -0.0993894
-0.223999 -0.151737 -0.0372952
0.22879 -0.147717 -0.0377968
-0.320148 -0.218007 -0.0780574
-0.177713 -0.159262 -0.0288905
0.392669 -0.148839 -0.0924441
0.0156572 -0.462073 -0.113296
-0.344842 0.131966 -0.0706622
-0.34279 -0.154434 -0.0733688
0.0517887 -0.165637 -0.0151739
0.354758 0.26106 -0.102228
0.195079 0.374553 -0.0935487
0.24977 -0.162621 -0.0454481
0.162352 -0.406314 -0.100806
0.116043 -0.168616 -0.0211727
0.344163 -0.16039 -0.0748909
-0.235539 -0.166615 -0.0425238
0.406582 -0.156923 -0.0999633
0.180618 -0.170205 -0.0312857
-0.415556 0.0483034 -0.0917157
-0.0392825 0.379654 -0.0757058
0.371519 0.23662 -0.102234
-0.388595 -0.162773 -0.0930828
0.432884 -0.162271 -0.113276
-0.207393 -0.176743 -0.0378409
0.0022205 -0.139866 -0.00983212
0.317778 -0.173948 -0.0679276
0.437762 0.0876908 -0.105196
-0.0645272 0.391569 -0.0821166
0.0636712 0.31481 -0.0529831
-0.276842 -0.0295996 -0.0395407
-0.180732 -0.187743 -0.0345527
-0.440344 -0.172176 -0.118835
-0.127611 0.408164 -0.0960546
-0.41685 -0.235546 -0.122074
-0.29142 -0.186168 -0.0616954
0.444618 0.098496 -0.109711
-0.183447 -0.444279 -0.123094
-0.211805 0.2161 -0.0468792
-0.218623 -0.191606 -0.043187
0.427278 -0.214318 -0.121649
-0.113473 -0.196098 -0.0260032
-0.356956 -0.0282442 -0.066306
0.336358 0.285184 -0.102485
-0.303989 -0.109362 -0.0536223
0.343034 0.183906 -0.0788561
-0.477983 0.0233883 -0.121942
0.223432 -0.200037 -0.0460276
0.359253 0.158388 -0.0802986
-0.336873 -0.192936 -0.0784296
0.278918 0.0247653 -0.0400044
-0.190414 -0.20147 -0.0391919
0.255298 0.249504 -0.0658851
-0.295832 0.319777 -0.0998743
-0.325845 0.110442 -0.0610496
0.0932655 0.368519 -0.0750701
-0.123874 -0.209773 -0.0301286
-0.20704 0.338673 -0.0821576
0.189521 0.363457 -0.08787
-0.359853 0.117548 -0.0744255
0.284443 0.189791 -0.0602811
0.111248 -0.220231 -0.0309168
0.307734 -0.168965 -0.0636505
-0.371189 -0.186218 -0.0903066
-0.0876209 -0.419949 -0.0966921
-0.134934 -0.224156 -0.0348331
-0.21624 -0.226055 -0.0501898
-0.0357843 -0.233668 -0.0283424
-0.434217 -0.212061 -0.124508
-0.421739 0.200048 -0.115626
-0.140745 -0.19323 -0.0289938
0.132352 -0.236036 -0.037311
-0.352644 -0.222675 -0.0911228
-0.400173 -0.218382 -0.10996
0.325798 0.208056 -0.0777372
-0.146975 -0.280528 -0.0514736
0.443208 -0.190935 -0.124152
-0.0976902 -0.247118 -0.0359515
0.25514 -0.243765 -0.0643281
-0.285339 -0.283701 -0.0845246
0.296609 0.267828 -0.0833262
-0.162638 -0.212443 -0.036456
0.0692313 0.3681 -0.072795
-0.382584 -0.242761 -0.108542
-0.310531 0.359802 -0.120163
0.0333499 0.380664 -0.0758881
-0.264995 -0.257939 -0.0708901
-0.241329 -0.261629 -0.0654892
0.248674 -0.0721677 -0.0341051
-0.390372 -0.0215181 -0.0795943
0.00288575 -0.273322 -0.0380818
-0.0560007 -0.463723 -0.115791
-0.20619 0.0641754 -0.0235948
0.0606272 0.369019 -0.0725577
-0.175656 -0.397125 -0.0992022
0.0121652 -0.386952 -0.0779806
0.012388 -0.302951 -0.0470744
0.129623 -0.406637 -0.0956527
-0.0988124 -0.391876 -0.0853037
0.230827 -0.400467 -0.113239
0.274575 -0.343503 -0.101883
0.464738 0.0828669 -0.118438
0.419867 0.16092 -0.106794
-0.357205 0.175851 -0.0826774
-0.214084 -0.357276 -0.0908675
-0.0603684 -0.346593 -0.0639289
-0.152837 0.139376 -0.0216263
0.00189747 -0.316066 -0.0512648
0.0547157 -0.4166 -0.092558
-0.287169 -0.352893 -0.109494
0.119503 -0.419223 -0.100016
-0.196048 -0.163361 -0.033109
0.185931 -0.251166 -0.0500815
-0.394826 0.124155 -0.0896714
-0.165291 -0.426289 -0.110643
0.399937 0.0214001 -0.083707
-0.214288 -0.137654 -0.0329777
-0.383844 0.251242 -0.111439
0.0282231 0.144968 -0.0109663
0.26743 0.214628 -0.0606301
0.2557 0.0070088 -0.0332693
-0.107612 -0.277282 -0.045257
-0.00571373 -0.447068 -0.105518
-0.2605 0.3764 -0.11092
0.365988 -0.21824 -0.0953323
0.129875 0.0152017 -0.00858619
-0.350149 -0.292335 -0.110092
0.318131 0.140418 -0.0624097
0.087343 0.332154 -0.0608275
0.369682 -0.152455 -0.0834342
0.152275 0.225728 -0.0377841
0.184511 -0.379305 -0.093312
-0.241816 -0.346277 -0.0935692
-0.219034 0.153556 -0.0364418
-0.0240816 0.225753 -0.0261131
-0.19703 -0.0717863 -0.0222342
-0.314797 -0.300391 -0.0996292
-0.280141 0.343601 -0.103641
-0.349487 -0.334939 -0.124972
0.390822 -0.180518 -0.0974086
-0.269374 -0.293472 -0.0827695
0.125022 0.303022 -0.0552527
0.20609 -0.351109 -0.0866274
-0.288433 -0.310965 -0.0944023
-0.196434 0.239429 -0.0491648
0.0662894 -0.363353 -0.0707096
-0.0420174 0.369785 -0.0718333
0.0867888 -0.418523 -0.0959502
-0.476137 -0.0250198 -0.120985
-0.425107 -0.0147338 -0.094977
0.349901 -0.284249 -0.107379
0.374523 0.133055 -0.0823787
-0.348309 -0.249559 -0.0964509
0.348289 0.250442 -0.0966873
-0.281618 -0.172086 -0.0560307
-0.346358 0.189769 -0.0812924
-0.302523 0.0893907 -0.051059
-0.194757 -0.415571 -0.111534
-0.173312 0.218646 -0.0397101
0.050548 -0.459366 -0.113193
-0.331467 -0.274322 -0.0972948
0.466064 0.0344791 -0.115921
-0.438744 0.0683951 -0.103995
-0.413755 0.155373 -0.102968
0.275711 0.346025 -0.1032
0.195726 -0.323686 -0.074301
0.41739 0.102928 -0.0971206
0.275398 -0.301102 -0.0870414
0.313068 -0.292966 -0.0965846
0.356136 0.100152 -0.0709483
0.291432 -0.101623 -0.0488217
0.31248 -0.33541 -0.111261
-0.428044 0.0826124 -0.100026
-0.0594253 -0.389001 -0.0806813
0.196674 -0.280501 -0.0605116
-0.137418 -0.394334 -0.0913653
-0.285214 0.220422 -0.0672259
0.335753 0.297603 -0.106298
-0.147329 -0.365369 -0.08087
-0.205758 0.402695 -0.108092
-0.235159 0.237335 -0.0574648
0.0716796 0.270099 -0.0398393
-0.277277 0.288976 -0.0836976
-0.0840014 0.420832 -0.0967591
0.334073 0.114712 -0.0644593
-0.371488 0.103641 -0.0773651
0.158109 0.365873 -0.0828637
-0.417639 -0.102247 -0.0971584
0.00831219 0.336796 -0.058459
0.128217 -0.329052 -0.0644333
0.0334791 -0.401788 -0.0848796
-0.319113 0.22756 -0.0800092
-0.241263 -0.30335 -0.0781697
0.205961 0.274833 -0.0608266
-0.331769 -0.316976 -0.111487
0.125987 -0.00297608 -0.00797263
0.176055 -0.292902 -0.0602059
-0.425754 0.0343591 -0.0958139
-0.134058 0.22153 -0.0341052
0.26453 -0.357832 -0.104466
0.123875 0.189921 -0.0260467
-0.0144604 0.332276 -0.0569285
0.19551 -0.36528 -0.0898648
-0.345105 0.303106 -0.111727
0.292455 -0.296395 -0.0908135
-0.364779 0.220402 -0.0953681
0.349265 -0.326885 -0.121843
0.181267 0.231592 -0.0442241
0.173412 0.163683 -0.0288481
0.342442 0.295621 -0.108181
-0.353212 0.183181 -0.0825656
0.378762 -0.277258 -0.117012
-0.338395 0.258106 -0.0950856
0.0816983 -0.0259043 -0.00367959
-0.31123 -0.0216444 -0.0499118
-0.288701 0.161794 -0.0563504
0.396195 0.117938 -0.0894394
0.112034 0.224852 -0.0320692
0.111666 0.000941443 -0.00625461
0.419863 0.00635296 -0.0924348
0.172826 0.00843834 -0.0150838
0.294956 0.154638 -0.0570852
-0.0479867 0.0209712 -0.0013722
-0.294318 0.383483 -0.124604
-0.038867 0.315964 -0.0520253
-0.405954 0.110254 -0.0927813
-0.404208 0.0617794 -0.0874219
-0.166979 0.067134 -0.0163277
-0.279018 0.0687802 -0.0421804
-0.129112 0.344271 -0.0700497
0.314527 0.0814943 -0.054256
0.255228 0.0876241 -0.0370978
-0.203882 0.171747 -0.0361871
-0.460606 0.110094 -0.119249
-0.151324 0.366158 -0.0818337
0.284205 0.302229 -0.0901182
-0.28474 0.32709 -0.0989254
-0.261541 0.312901 -0.086934
0.329485 0.158576 -0.0692513
0.212631 0.23027 -0.0503874
0.382352 0.201116 -0.0981355
0.201181 0.265283 -0.0570518
-0.188039 0.308831 -0.0676565
-0.14863 0.374923 -0.0849361
0.235291 0.328817 -0.0853865
-0.0859629 0.356721 -0.0697524
