36.9 0 0 4.83429e-15 78.95 0 4.83429e-15 4.83429e-15 78.95
-0.0554001 0.474221 -0.121339
0.043262 0.465092 -0.115795
-0.054893 0.459916 -0.113736
0.168336 0.451024 -0.123507
0.133933 0.453493 -0.118861
0.0506694 0.456735 -0.111842
0.0402016 0.456862 -0.111371
-0.0285343 0.457172 -0.111079
0.072114 0.455957 -0.112924
-0.0132874 0.457107 -0.110687
-0.0338298 0.456885 -0.111118
-0.142513 0.452481 -0.119687
-0.0451015 0.42931 -0.0979697
0.122745 0.421354 -0.101449
-0.209774 0.415897 -0.115113
-0.0844155 0.420644 -0.09671
-0.0137201 0.422164 -0.0935845
-0.0456018 0.42132 -0.0942352
0.0525929 0.418325 -0.0932264
-0.0872295 0.414864 -0.0943074
-0.0470433 0.414026 -0.0909514
-0.244323 0.400558 -0.116903
0.0705523 0.41211 -0.0916016
-0.128054 0.408188 -0.0961278
-0.0171034 0.412937 -0.089401
-0.205866 0.402665 -0.108103
-0.130678 0.399689 -0.0927117
-0.161613 0.39839 -0.097134
0.00968712 0.401352 -0.0841273
-0.294749 0.383235 -0.124641
0.0403771 0.395304 -0.0823375
-0.204114 0.388139 -0.101286
0.00686321 0.3923 -0.0801882
-0.0651848 0.39096 -0.0819036
-0.260805 0.376399 -0.111009
0.125257 0.385219 -0.0857149
-0.132924 0.382484 -0.0856494
0.195066 0.374016 -0.0933241
0.0329007 0.380006 -0.0756011
0.116362 0.377563 -0.0813562
-0.108994 0.377455 -0.0804086
-0.225813 0.369095 -0.0984584
0.0995125 0.375629 -0.078588
-0.0755176 0.376077 -0.076494
0.281217 0.356778 -0.109143
0.190151 0.363801 -0.0881386
0.0607287 0.369011 -0.0725611
-0.152002 0.365922 -0.0818516
-0.0425563 0.369397 -0.0717035
0.158416 0.365758 -0.0828712
-0.314168 0.350684 -0.117776
0.0934427 0.367856 -0.0748243
0.0166262 0.367801 -0.0702439
-0.21899 0.358461 -0.092504
-0.152936 0.362414 -0.0806162
0.0554934 0.378522 -0.0760725
0.334781 0.340185 -0.121253
-0.0697432 0.361115 -0.0700904
0.27625 0.346217 -0.10344
0.0340543 0.457067 -0.11122
0.152956 0.355126 -0.0777799
0.120793 0.356455 -0.0735289
0.0886572 0.358052 -0.0705171
-0.0861788 0.35671 -0.0697682
-0.280281 0.343389 -0.103604
-0.283262 0.34093 -0.103602
0.121957 0.348465 -0.0706462
0.329155 0.329407 -0.115044
0.27026 0.335914 -0.0977132
-0.129302 0.34402 -0.0699833
0.234275 0.338454 -0.0886469
-0.207455 0.338545 -0.082204
-0.168711 0.341353 -0.07533
-0.135596 0.338934 -0.0690126
-0.303071 0.325167 -0.104224
0.00829929 0.336847 -0.0584774
-0.170987 0.331939 -0.0723255
-0.0627441 0.335562 -0.0600736
0.0253384 0.335274 -0.05822
-0.295625 0.31922 -0.0996087
-0.156121 0.329874 -0.0689741
-0.187991 0.327209 -0.0739365
-0.0267802 0.328815 -0.0559855
0.31685 0.311144 -0.104011
-0.209667 0.320812 -0.0763556
-0.184998 0.321675 -0.0713983
0.229573 0.317785 -0.0800494
0.0356876 0.326324 -0.055416
-0.106311 0.322857 -0.0595422
-0.261624 0.312518 -0.0868268
-0.345658 0.303181 -0.111968
-0.181516 0.317129 -0.0691502
-0.0485584 0.320675 -0.0540562
0.0638968 0.314678 -0.0529545
0.284343 0.302358 -0.090204
0.193076 0.309345 -0.0688572
0.212021 0.30876 -0.0727923
-0.0397647 0.314445 -0.0515577
-0.109092 0.313544 -0.0567137
-0.149086 0.311467 -0.0615108
0.342432 0.295533 -0.108148
-0.1882 0.308445 -0.0675609
-0.106685 0.311873 -0.0558847
0.249103 0.301562 -0.0796694
-0.311626 0.29581 -0.0970129
-0.049365 0.310387 -0.0506723
-0.115275 0.306456 -0.0551209
-0.357423 0.288669 -0.111789
0.156582 0.301304 -0.0594161
0.124016 0.302451 -0.0549375
0.278365 0.291681 -0.0848854
0.336986 0.285086 -0.10269
-0.083105 0.302043 -0.050335
-0.277326 0.288788 -0.0836531
-0.232783 0.288812 -0.0713451
0.242857 0.284046 -0.0724558
-0.049662 0.292291 -0.0449609
-0.203933 0.284279 -0.0631986
-0.165276 0.286873 -0.0563965
-0.372635 0.264974 -0.110656
-0.0594295 0.282343 -0.042529
-0.0352933 0.284531 -0.0419831
0.237361 0.273451 -0.0678605
0.0793864 0.280852 -0.0435378
0.0417492 0.280257 -0.0409832
0.354897 0.261107 -0.102297
0.296736 0.267731 -0.0833387
-0.267453 0.268378 -0.0745583
-0.29262 0.265115 -0.0812574
0.200602 0.265045 -0.0568616
-0.338628 0.257993 -0.0951405
0.0717759 0.270386 -0.0399272
-0.384215 0.251129 -0.111567
0.291164 0.257143 -0.078533
0.168924 0.266682 -0.0511347
0.3489 0.250517 -0.0969441
-0.142117 0.265949 -0.0465464
-0.180466 0.262945 -0.0522174
-0.219418 0.260412 -0.0597652
-0.284865 0.254988 -0.0759694
0.164132 0.254956 -0.0470791
0.255135 0.248003 -0.0654407
-0.260297 0.244418 -0.06592
-0.269593 0.243439 -0.0683041
-0.273342 0.242977 -0.0692764
-0.353959 0.234332 -0.094571
0.213792 0.244603 -0.0542398
0.159415 0.245532 -0.0438091
-0.118384 0.245159 -0.0377721
0.249429 0.238734 -0.0614951
-0.157876 0.243095 -0.0429317
0.30895 0.232984 -0.0778999
-0.234984 0.236981 -0.0573323
-0.149605 0.362398 -0.080062
0.366153 0.22568 -0.0972263
-0.319085 0.227285 -0.0799315
0.383248 0.220921 -0.103164
0.0514982 0.236977 -0.0298507
0.212899 0.230281 -0.0504503
-0.0504469 0.237268 -0.0298666
-0.365028 0.220277 -0.0954379
0.149247 0.233195 -0.0390913
-0.409855 0.213575 -0.113205
-0.284827 0.220326 -0.0670851
0.111558 0.224519 -0.031937
0.152603 0.225612 -0.0378091
-0.226946 0.306092 -0.0754445
-0.0243085 0.225509 -0.0260622
-0.0499732 0.224515 -0.0268115
0.267506 0.214695 -0.060667
-0.13423 0.22128 -0.0340718
0.325668 0.208341 -0.0777556
-0.211931 0.21588 -0.0468574
-0.421715 0.199702 -0.115536
-0.0649314 0.218048 -0.0262243
0.382755 0.20063 -0.0981986
-0.0425555 0.216576 -0.0246622
0.00375146 0.214424 -0.0232664
-0.0672789 0.213439 -0.0253629
0.10942 0.208763 -0.0281742
0.319992 0.197606 -0.0734165
-0.254796 0.199731 -0.0538571
0.405078 0.186349 -0.10491
0.0322775 0.204045 -0.0215708
-0.346313 0.189819 -0.0812856
-0.149575 0.197837 -0.0312443
-0.188517 0.195072 -0.0374991
-0.227294 0.192563 -0.0454022
-0.318047 0.184442 -0.070039
-0.311431 0.18275 -0.0674694
0.123684 0.189726 -0.0259844
0.426541 0.171442 -0.111929
0.156183 0.188656 -0.0304558
0.320372 0.178301 -0.0696396
-0.402442 0.16909 -0.100306
0.336841 0.172809 -0.0744326
-0.277453 0.175817 -0.0554852
0.420177 0.160872 -0.106932
0.311201 0.16745 -0.0645247
0.242307 0.170869 -0.0449653
-0.165086 0.174539 -0.0292875
-0.203934 0.171667 -0.036184
0.328477 0.161912 -0.0694695
-0.0507351 0.170783 -0.0159985
-0.413737 0.155103 -0.102913
0.359316 0.158302 -0.0803084
0.044556 0.16949 -0.0154757
-0.28868 0.161578 -0.056307
0.205102 0.162289 -0.034808
-0.0984344 0.165769 -0.0187603
-0.0603674 0.164469 -0.0154667
-0.372317 0.15224 -0.0844658
-0.37719 0.15115 -0.0862816
0.295067 0.154489 -0.0570959
-0.254272 0.154719 -0.0453231
0.224691 0.153444 -0.0377272
-0.338311 0.144931 -0.0701933
0.259572 0.146254 -0.0454152
-0.100919 0.352591 -0.0696803
0.318079 0.140197 -0.0623589
0.00188344 0.267273 -0.036381
0.0283317 0.145056 -0.0109823
0.374815 0.132931 -0.0824799
-0.152988 0.139203 -0.0216252
0.222532 0.137568 -0.0348294
-0.0495013 0.139499 -0.0110158
-0.191796 0.13656 -0.0281124
0.203489 0.136104 -0.0304289
0.312035 0.129858 -0.058846
-0.230724 0.133965 -0.036247
-0.395041 0.124182 -0.0897682
0.121035 0.131692 -0.0161261
0.0883199 0.132769 -0.0127958
0.153086 0.130185 -0.0203997
-0.0513385 0.129819 -0.00979222
-0.315198 0.124122 -0.0591259
-0.232806 -0.22964 -0.054978
0.464947 0.0825682 -0.11852
-0.137056 -0.394294 -0.0912935
0.164691 -0.236297 -0.0423778
-0.133827 -0.337855 -0.0683646
-0.218942 -0.0991003 -0.0293077
0.426944 -0.214432 -0.121514
0.132522 -0.235945 -0.0373122
-0.167902 -0.235142 -0.042651
-0.0461522 0.0853293 -0.00471668
-0.291966 -0.18708 -0.0620464
-0.287238 -0.310787 -0.0939613
0.173269 -0.39254 -0.0967339
0.0338888 -0.402273 -0.0851076
0.292986 -0.32862 -0.102131
-0.365428 -0.226126 -0.0970439
0.442994 -0.191073 -0.124074
-0.25799 -0.236511 -0.0632482
-0.20812 -0.0854294 -0.0256345
0.200448 0.183557 -0.0376449
0.203654 0.0555956 -0.0225369
0.219429 -0.375545 -0.0995465
0.225149 -0.377544 -0.101797
0.432662 -0.162332 -0.113179
0.0564521 -0.247401 -0.0327327
-0.0135577 -0.206134 -0.0215702
-0.0463787 -0.247572 -0.0322413
0.254933 -0.243792 -0.0642786
0.153612 -0.250963 -0.0442694
0.153689 -0.116581 -0.0187822
-0.230685 -0.247444 -0.0589603
-0.175898 -0.269739 -0.0532683
-0.206296 0.0641784 -0.0236173
0.185871 -0.251358 -0.0501203
-0.30323 -0.24309 -0.0786104
-0.123151 -0.429937 -0.105579
0.067938 -0.232923 -0.0298807
-0.0198387 -0.254975 -0.033256
0.249715 -0.162707 -0.0454483
0.417567 0.102839 -0.0971921
-0.400168 -0.218783 -0.110056
0.248683 -0.072034 -0.0340973
-0.42572 0.0342249 -0.0957924
-0.203331 -0.312439 -0.0720784
-0.460131 0.0354857 -0.112858
-0.416811 -0.235612 -0.122073
-0.381714 -0.240096 -0.107449
-0.382788 -0.242799 -0.108641
0.291254 -0.101737 -0.0487793
-0.203217 -0.258299 -0.0555506
-0.0974351 -0.264055 -0.0404266
-0.348485 -0.249926 -0.0966199
0.375992 -0.246907 -0.106878
0.419943 0.00601603 -0.0924693
-0.147364 -0.365559 -0.0809514
0.0232593 -0.289026 -0.0429613
-0.390612 -0.021658 -0.0796994
-0.292411 -0.0950913 -0.0484468
-0.112999 -0.196146 -0.025958
-0.274184 -0.206911 -0.0608454
-0.056748 -0.373338 -0.0740417
0.10324 -0.312554 -0.0557272
0.0341448 -0.27501 -0.0391651
-0.331859 -0.317323 -0.111644
0.402407 -0.252542 -0.120062
0.399919 0.0212715 -0.0836963
-0.196564 -0.163207 -0.0331877
-0.165534 -0.426348 -0.110716
-0.371541 0.103604 -0.0773821
-0.107514 -0.277393 -0.0452782
0.302934 -0.264804 -0.0845164
-0.434595 -0.213001 -0.124924
0.0473511 -0.464725 -0.115812
-0.286079 -0.267764 -0.0799665
0.231354 -0.400383 -0.113338
-0.213406 -0.273251 -0.0620278
0.265312 -0.272573 -0.0751683
-0.146367 -0.280298 -0.0513115
0.256946 0.0393316 -0.034375
0.432134 -0.0713946 -0.101021
0.196601 -0.280194 -0.0604045
-0.0596304 -0.346753 -0.0639408
-0.411316 -0.140387 -0.0993833
-0.401413 -0.26107 -0.122099
0.06531 -0.404094 -0.0876172
0.275916 0.121139 -0.0464826
-0.0801307 -0.154617 -0.0152804
-0.00701452 -0.286916 -0.0420698
-0.114847 -0.284891 -0.048345
0.184482 -0.378893 -0.0931338
-0.366098 -0.267662 -0.108748
0.265223 -0.315853 -0.0890148
0.00166197 -0.287606 -0.0422526
-0.185233 -0.283551 -0.0591029
0.0182876 -0.404442 -0.0856192
0.119271 -0.419148 -0.0999501
0.0126159 -0.387667 -0.0782868
-0.0478466 -0.368891 -0.0717597
0.398701 0.0699807 -0.0855928
-0.251801 -0.1538 -0.0445201
-0.331741 -0.275034 -0.0976116
-0.0280447 -0.425194 -0.0953323
0.197401 -0.262572 -0.0554956
0.0961801 0.368074 -0.0751914
0.31217 -0.249925 -0.0834374
-0.476218 -0.025352 -0.121038
0.0227789 -0.374089 -0.0728872
-0.0479073 -0.375325 -0.0743455
0.313949 -0.110983 -0.057069
0.255093 -0.287145 -0.0767042
-0.154288 0.357395 -0.0788789
0.378653 -0.277246 -0.116961
-0.292144 0.10331 -0.0492219
0.360136 -0.136989 -0.0772128
0.399128 -0.0274945 -0.0835172
0.349536 -0.284297 -0.107251
0.119635 -0.300899 -0.053878
0.0126239 -0.302719 -0.0470036
-0.16389 -0.299533 -0.0600956
-0.15594 -0.33868 -0.0721106
0.328647 -0.227158 -0.0832718
-0.287431 0.339998 -0.104576
-0.0175963 -0.41991 -0.092605
-0.0500858 -0.224151 -0.0267334
-0.0512556 -0.0199697 -0.00151411
0.312907 -0.292929 -0.096517
0.447769 -0.138667 -0.116669
0.275406 -0.301479 -0.0871684
-0.107631 -0.423627 -0.10058
-0.24142 -0.303687 -0.078322
-0.349049 -0.292731 -0.10979
0.355534 -0.189409 -0.0847296
0.20663 -0.30874 -0.0715695
-0.0690828 -0.141178 -0.0124291
0.0021596 -0.31569 -0.0511401
-0.000949345 -0.314233 -0.0506547
-0.0243971 -0.219576 -0.0247098
0.228033 -0.285849 -0.0692523
-0.277817 0.0199287 -0.0395728
0.0157518 -0.46253 -0.113536
-0.314706 -0.300261 -0.0995538
0.239824 -0.227365 -0.0561835
-0.0681037 -0.274377 -0.0407924
-0.263606 -0.10926 -0.0415773
-0.417879 -0.102591 -0.0973082
-0.0692197 -0.31778 -0.0543656
-0.0591643 -0.303963 -0.0491551
0.223263 -0.200113 -0.0460041
0.115761 -0.077113 -0.00972071
0.292132 -0.23608 -0.073218
-0.026864 -0.432986 -0.0989997
0.0321766 -0.360729 -0.0678844
-0.108558 -0.320396 -0.0589571
-0.213531 -0.314701 -0.075139
-0.417087 0.0965609 -0.0962773
0.180626 -0.170362 -0.0313148
0.42165 -0.133409 -0.103109
-0.0394508 -0.323385 -0.0545553
-0.337324 -0.193735 -0.0787623
-0.179071 0.10206 -0.0214718
0.204541 -0.31869 -0.0744733
0.0721465 0.0202928 -0.00281241
-0.147804 -0.323431 -0.0653629
0.417799 -0.0948751 -0.0964276
-0.415475 0.0480451 -0.091665
-0.214061 -0.358478 -0.0913355
-0.168134 0.116041 -0.0210897
0.315918 0.0330213 -0.0517884
0.195963 -0.323513 -0.0742907
0.224358 -0.2313 -0.0533409
-0.126001 0.290507 -0.0514594
-0.00979313 -0.329109 -0.0557587
0.370527 0.075407 -0.0742442
-0.249522 -0.320366 -0.0861596
0.0153831 -0.330311 -0.0562533
-0.0480774 -0.330178 -0.0573066
-0.199927 -0.29069 -0.0643032
-0.325953 0.110364 -0.0610781
-0.185738 -0.325936 -0.0730333
0.278724 0.0244282 -0.0399395
-0.342878 -0.154451 -0.0734044
-0.247078 -0.178687 -0.0476221
0.187263 -0.401526 -0.103501
0.358568 0.00281543 -0.0665007
0.0654552 -0.333577 -0.0595522
0.162218 -0.406552 -0.100889
0.130168 -0.406306 -0.0955822
-0.00384501 -0.100921 -0.00511303
0.322743 -0.320453 -0.109412
-0.0151002 -0.338988 -0.0593304
-0.133745 0.0390219 -0.00975281
-0.290294 0.0544789 -0.0446146
-0.235599 -0.166535 -0.0425246
0.184762 -0.337505 -0.0769866
0.111955 -0.467658 -0.123209
-0.102281 -0.182192 -0.0220712
0.384804 -0.275307 -0.119017
0.390728 -0.0898249 -0.0838871
0.198873 -0.441139 -0.124874
-0.134601 -0.363237 -0.0780775
0.348987 -0.326777 -0.121692
-0.0877179 -0.420527 -0.0969701
-0.478023 0.023169 -0.121958
-0.203845 -0.386458 -0.100502
0.401144 -0.209518 -0.108268
0.426466 -0.0323579 -0.0960753
0.292116 0.0956561 -0.0484127
0.131954 -0.346169 -0.071154
-0.269868 -0.335764 -0.0975403
0.143175 -0.221515 -0.035411
0.365816 0.0550467 -0.0709423
0.21631 -0.337495 -0.0838629
-0.256109 0.0473186 -0.0345109
0.264071 -0.357573 -0.104228
0.312166 -0.335364 -0.111133
-0.382958 -0.108608 -0.0826412
-0.204502 -0.349807 -0.0857712
0.195204 -0.36502 -0.0896948
-0.135513 -0.352211 -0.0739418
-0.349263 -0.335129 -0.124955
-0.128406 0.0697843 -0.0107366
0.274725 -0.343865 -0.102067
0.173484 -0.351675 -0.0800934
-0.296603 -0.222487 -0.071277
0.00187905 -0.358748 -0.0665673
-0.242043 -0.347169 -0.0939708
-0.35662 -0.0286432 -0.0661898
-0.124028 -0.210519 -0.03031
-0.29752 -0.147579 -0.0567596
0.375834 -0.113342 -0.0802705
0.111184 -0.22032 -0.0309297
-0.177123 -0.354955 -0.0820488
0.226554 -0.00791348 -0.0260335
0.0181293 0.387169 -0.0781694
-0.274752 -0.211303 -0.0619902
-0.0581172 -0.361519 -0.0694484
0.142957 -0.359048 -0.0776944
0.37083 -0.0749327 -0.0743272
-0.20197 -0.215371 -0.0445822
0.300917 -0.350315 -0.113023
0.307598 -0.169023 -0.0636162
0.0898723 -0.365357 -0.0734812
-0.207297 -0.176762 -0.0378236
-0.2415 -0.261649 -0.0655389
0.157977 -0.392275 -0.0938195
-0.108572 -0.362986 -0.0745523
0.344102 -0.160474 -0.0748829
-0.058775 -0.261086 -0.0364754
0.209072 -0.427937 -0.120705
-0.0674917 -0.435731 -0.102457
0.00948181 -0.429473 -0.09697
-0.334601 -0.0695099 -0.0602072
0.182788 -0.145841 -0.0277248
-0.193836 -0.415595 -0.111345
0.0493293 -0.43948 -0.103103
-0.0948883 -0.466937 -0.120815
-0.134942 -0.224282 -0.0348636
0.437916 0.087765 -0.105278
0.11299 -0.412507 -0.0960799
-0.267168 0.0337433 -0.0369411
-0.126427 -0.422966 -0.102718
-0.00549477 -0.447479 -0.105722
-0.165633 0.0185813 -0.0139876
-0.153226 -0.367845 -0.0828239
0.108445 -0.445997 -0.11156
0.148102 -0.0780008 -0.0141087
0.167631 -0.437422 -0.116506
-0.167313 -0.191491 -0.0328716
-0.182774 -0.44387 -0.122747
0.0732804 -0.218971 -0.0270243
0.0356146 -0.38777 -0.078932
0.44436 0.0982647 -0.109557
-0.111287 -0.402865 -0.0915314
0.224761 0.0525929 -0.0270065
0.458559 -0.0765693 -0.114641
-0.207436 -0.131828 -0.0306746
-0.0557163 -0.463418 -0.115614
0.266485 -0.324864 -0.092559
0.154396 -0.407866 -0.100107
-0.252482 -0.139386 -0.0424904
0.0834274 -0.0755847 -0.00635679
0.0440076 -0.389393 -0.0799803
0.255339 0.0876656 -0.0371311
-0.0592547 -0.387564 -0.0800635
-0.28037 0.117444 -0.0473199
-0.133617 -0.375166 -0.0827231
0.465584 -0.0141582 -0.11511
0.0692463 -0.478284 -0.124529
-0.213646 -0.138121 -0.0329023
0.170967 -0.354802 -0.0808233
0.0870924 -0.418068 -0.0957689
0.307058 -0.07815 -0.0515233
-0.0484773 -0.346601 -0.0632408
0.396498 0.11777 -0.0895499
0.19616 -0.37305 -0.0931623
-0.313316 0.24385 -0.0821928
-0.260037 -0.364647 -0.105901
0.252598 0.0797285 -0.0357191
-0.0255015 0.430229 -0.0976406
0.202033 -0.18508 -0.0382681
0.0972732 -0.405624 -0.0911505
0.327992 -0.0931801 -0.0599261
-0.0982357 -0.391531 -0.0850939
-0.287162 -0.353208 -0.109617
0.0891563 -0.114286 -0.0105609
0.466194 0.0342616 -0.115981
0.406233 -0.156903 -0.0998024
0.228561 -0.147767 -0.0377501
0.116859 -0.253467 -0.0397404
0.239202 0.112638 -0.0355857
-0.0916265 -0.0774544 -0.00722339
-0.302637 0.0894359 -0.0510995
0.293569 0.0477886 -0.0452573
-0.082467 -0.38481 -0.0806957
-0.0353004 -0.233482 -0.0282797
0.462386 -0.115096 -0.120823
-0.218221 0.0991536 -0.0291508
-0.00298451 0.0975493 -0.00477378
0.24426 -0.12473 -0.0383455
-0.204916 0.0156585 -0.0213458
0.472813 -0.00394072 -0.118846
0.282102 -0.206923 -0.0631963
0.157279 -0.0156257 -0.0125694
0.0275674 -0.229296 -0.0270337
0.207053 -0.132791 -0.0307242
-0.440161 -0.172691 -0.118844
-0.3775 -0.147386 -0.085795
-0.277118 -0.261596 -0.0754607
0.115932 -0.168628 -0.0211618
0.242519 -0.386438 -0.11014
0.151048 0.0503494 -0.0127567
-0.14248 -0.377049 -0.0848316
0.0827332 -0.384863 -0.0807417
-0.35373 0.113577 -0.0715739
0.000577659 0.381775 -0.0757449
-0.371053 -0.186273 -0.0902625
0.204402 0.00692977 -0.0211375
-0.349149 -0.116286 -0.070176
-0.190661 -0.201964 -0.0393445
-0.388486 -0.162931 -0.0930644
0.31463 0.081487 -0.0542897
0.22303 -0.10936 -0.0313422
-0.202063 -0.124281 -0.028545
0.356129 0.100144 -0.0709449
0.297716 0.10607 -0.0512563
-0.118665 -0.157784 -0.0196824
0.00704985 0.472633 -0.118769
0.33419 0.114656 -0.0644943
-0.207282 0.113375 -0.0283107
-0.0979117 -0.238338 -0.0337659
-0.230498 -0.113481 -0.033567
-0.268472 0.0822315 -0.0402287
0.447086 0.000994532 -0.10551
-0.241484 -0.128044 -0.0380799
-0.0474262 -0.379717 -0.0761139
0.124602 -0.223351 -0.0332588
-0.107263 -0.0344294 -0.00636561
-0.393547 0.0756299 -0.0838118
-0.379761 -0.140505 -0.0856478
0.00265973 -0.13949 -0.00978011
0 -0.383353 -0.0763979
-0.149731 -0.370117 -0.0831607
0.320716 -0.195604 -0.0732421
0.168824 -0.406323 -0.102002
-0.0747482 -0.102515 -0.00808094
-0.0471164 -0.407633 -0.0880703
0.0269803 0.0269803 -0.000728204
-0.0329415 -0.402009 -0.084957
0.337297 0.0178784 -0.0587714
0.186894 0.0807667 -0.0209457
-0.116823 -0.376524 -0.0809886
-0.311179 -0.0216474 -0.0498953
-0.276842 -0.0294923 -0.0395372
0.148712 -0.169604 -0.0257724
0.21883 -0.0295674 -0.024685
0.257724 0.0495898 -0.0350549
0.442926 -0.0997906 -0.109012
-0.224167 -0.151811 -0.037346
-0.41094 0.0473425 -0.0895678
0.098138 -0.0324916 -0.00535774
-0.0736226 0.0965558 -0.00739903
-0.0829862 0.189215 -0.0215773
-0.319952 -0.218184 -0.0780314
-0.162724 -0.213327 -0.0366661
0.31885 -0.198355 -0.0731827
0.253408 -0.372017 -0.107034
-0.427518 0.0825111 -0.0997664
-0.16705 0.0671311 -0.0163396
-0.404626 0.0617388 -0.0876041
0.175154 -0.265978 -0.0520672
-0.360012 0.117418 -0.0744709
0.397102 -0.128733 -0.0912989
0.0755639 -0.391575 -0.0829619
-0.0294014 -0.393643 -0.0812069
0.338393 -0.179214 -0.0762182
-0.303848 -0.109619 -0.0536068
0.270127 -0.0867751 -0.0410937
0.179835 0.11142 -0.0226337
-0.180244 -0.187766 -0.0344659
0.107594 -0.371354 -0.0777637
-0.0608561 -0.111049 -0.00805005
0.366065 -0.218276 -0.095372
0.302161 -0.221588 -0.0728551
0.0587303 -0.0753207 -0.00457168
0.288072 -0.1516 -0.0544675
0.0691174 -0.218061 -0.0265153
-0.435513 -0.11927 -0.107754
0.370701 -0.0245002 -0.071571
-0.269788 -0.0701066 -0.0396359
0.0302828 -0.321755 -0.0536615
-0.197007 -0.0718084 -0.0222313
0.237935 -0.177096 -0.0450007
-0.405412 -0.179018 -0.103566
0.169633 -0.184751 -0.0319651
-0.279046 0.0685851 -0.0421746
-0.281799 -0.172404 -0.0561428
0.213441 -0.173381 -0.0385523
-0.439011 0.0682345 -0.104113
-0.310284 -0.069503 -0.0519002
-0.091192 -0.168241 -0.0184813
0.201928 -0.0944675 -0.0251661
-0.468803 0.0858051 -0.120875
-0.321716 -0.034064 -0.0537767
0.17281 0.00855648 -0.015082
0.0452933 -0.1276 -0.00920899
0.375465 0.0283915 -0.0735984
-0.338326 -0.101729 -0.0644858
0.385731 0.0410156 -0.0783009
-0.213228 -0.093363 -0.0274686
-0.441221 -0.0812466 -0.106287
-0.406087 0.110358 -0.0928539
0.218795 0.0792893 -0.027456
-0.165576 0.117597 -0.0208394
-0.0519065 -0.0299461 -0.00179714
0.251796 0.0746328 -0.0351018
0.366302 0.107827 -0.0757726
-0.0611269 0.112127 -0.008188
