36.9 0 0 4.83429e-15 78.95 0 4.83429e-15 4.83429e-15 78.95
-0.0231968 0.474506 -0.120054
0.0402336 0.47135 -0.118972
-0.0327933 0.471799 -0.118904
-0.275246 -0.0134579 -0.0387205
-0.290471 0.0550615 -0.0447017
-0.23371 0.353283 -0.0941464
-0.286175 -0.225355 -0.0687005
0.432811 -0.0703599 -0.101265
0.179805 -0.0790882 -0.0194821
0.299992 -0.21416 -0.0704087
-0.44014 -0.079601 -0.105606
-0.124925 0.354456 -0.07331
-0.390886 -0.0208156 -0.0797962
-0.382869 -0.107964 -0.0825277
-0.221541 0.380097 -0.101977
-0.20102 0.413648 -0.112032
-0.218563 -0.19026 -0.0429047
0.291969 -0.101371 -0.0489594
0.336016 0.0670483 -0.0605332
-0.360596 0.117919 -0.0747619
-0.412471 -0.13932 -0.0997457
0.140149 -0.434321 -0.110212
-0.167236 -0.108769 -0.0201013
-0.417249 -0.100394 -0.0967702
0.254425 -0.110099 -0.0391952
-0.337453 -0.19258 -0.0785669
-0.404545 0.0627719 -0.0876389
0.122111 -0.206175 -0.029134
0.18568 -0.117825 -0.0244795
0.437134 -0.10874 -0.107201
0.376336 -0.112743 -0.0804022
-0.309556 -0.116084 -0.0562312
-0.419757 -0.11147 -0.0992344
0.0355529 -0.231804 -0.0278873
-0.348641 -0.115029 -0.0698293
-0.303446 0.251798 -0.0810232
-0.468828 -0.111284 -0.123749
-0.425823 0.0352606 -0.0958809
0.462991 -0.114028 -0.121002
-0.241053 -0.126495 -0.0377671
-0.394175 -0.122954 -0.0892266
-0.241386 0.347097 -0.0937677
-0.383691 0.25255 -0.111744
0.395711 -0.127331 -0.0904946
-0.439802 -0.171041 -0.118343
0.422356 -0.132706 -0.103337
0.328182 -0.0925805 -0.0599332
-0.252464 -0.141445 -0.0427879
-0.162408 0.416257 -0.105375
0.267172 -0.0956097 -0.0411059
-0.383455 -0.139345 -0.0870128
0.207839 -0.150399 -0.0334685
0.0951463 -0.15273 -0.0163228
-0.298484 -0.146673 -0.056923
0.284353 0.36633 -0.114029
-0.00862047 -0.287206 -0.0421699
-0.0373465 0.380275 -0.0758809
-0.0797617 -0.288566 -0.0458681
0.312547 -0.116184 -0.0572299
-0.326285 0.110941 -0.0612612
0.387522 0.211501 -0.10273
0.18828 -0.232806 -0.0458764
-0.308901 -0.16145 -0.0627092
-0.235161 -0.16524 -0.0421925
-0.388671 -0.160947 -0.0927896
-0.0952824 -0.340371 -0.0645487
0.0164403 0.293463 -0.0441711
0.405774 0.136463 -0.0962715
-0.370924 0.104275 -0.0772095
0.271677 -0.177434 -0.0541095
-0.230412 -0.112928 -0.0334818
-0.295196 -0.181058 -0.0618758
-0.0741288 -0.192925 -0.0215907
0.391409 -0.179741 -0.0975078
-0.190825 -0.200866 -0.039147
-0.261572 0.199998 -0.0557644
-0.147956 -0.407145 -0.0987
0.313124 -0.265307 -0.0880978
-0.137601 -0.435778 -0.110526
0.342321 0.183624 -0.0785344
0.423291 0.114144 -0.101225
-0.400148 -0.216983 -0.109607
0.143402 -0.222004 -0.035557
-0.303289 -0.108277 -0.053273
-0.135219 -0.223418 -0.0347021
-0.137399 0.459977 -0.122764
0.227202 -0.365176 -0.0972121
-0.173727 -0.226074 -0.0415066
-0.354386 -0.168897 -0.0802805
-0.066909 -0.476724 -0.123497
0.303153 -0.22096 -0.0730291
0.407362 -0.156356 -0.100217
-0.0670042 -0.187137 -0.019954
-0.433698 -0.209454 -0.123624
0.207593 -0.26656 -0.0588035
-0.365545 -0.224167 -0.0966029
0.264605 -0.303858 -0.0847652
-0.271191 -0.334923 -0.0976241
-0.259404 -0.235579 -0.0634039
-0.372531 -0.226983 -0.100167
0.352989 0.261025 -0.101521
-0.253667 0.268184 -0.0706292
0.323673 -0.278193 -0.0956527
-0.211788 0.21697 -0.0470729
0.447075 0.00178899 -0.105505
-0.331523 -0.231989 -0.0855201
0.411807 -0.237056 -0.120103
-0.37704 -0.281549 -0.117633
0.376166 0.247085 -0.107
0.313661 -0.249852 -0.0839265
0.275399 -0.344156 -0.102385
0.358682 0.00356121 -0.066547
0.276158 -0.258018 -0.074169
0.120482 0.335425 -0.0656691
-0.314221 -0.256181 -0.0858686
-0.32967 -0.257923 -0.0918187
-0.0692253 -0.274651 -0.0409512
0.250289 -0.162868 -0.0456264
0.356566 0.327036 -0.124838
0.395391 0.11841 -0.0891515
0.38684 -0.275308 -0.119909
-0.275404 0.353713 -0.10611
0.473022 -0.00280937 -0.118954
0.364431 0.282439 -0.112634
0.205804 -0.39325 -0.103898
0.431187 0.18266 -0.11642
0.129622 -0.446863 -0.114838
-0.222567 0.316138 -0.0777631
0.419831 0.00675916 -0.092423
0.293492 0.323151 -0.100313
0.210358 -0.144286 -0.0330817
-0.412791 0.156138 -0.102657
0.399405 -0.0265753 -0.0836106
0.0115641 -0.429081 -0.0968079
0.337234 0.0185768 -0.0587626
-0.0985664 -0.432856 -0.103942
0.0943289 -0.328603 -0.0602542
-0.23824 0.292131 -0.0737704
-0.0692336 -0.439636 -0.104496
0.339646 -0.212089 -0.0836711
-0.0381343 -0.445106 -0.105335
0.263879 -0.399366 -0.122005
0.0974261 -0.44619 -0.11038
0.359795 -0.26926 -0.106665
0.244124 -0.276993 -0.070657
-0.476042 -0.0239693 -0.120904
0.0282479 -0.468998 -0.117253
-0.0168623 -0.460524 -0.112513
-0.415142 0.0489122 -0.0915592
0.240212 0.356085 -0.0969484
0.30748 0.232913 -0.0773908
-0.336822 0.0968451 -0.0634253
-0.15644 -0.454376 -0.123034
-0.0269098 -0.46072 -0.112863
-0.259126 0.212864 -0.0579051
-0.269944 -0.376789 -0.113907
-0.296938 0.206505 -0.0676997
-0.338128 0.259 -0.0952413
0.274994 0.12133 -0.0462405
-0.432455 0.187069 -0.117964
-0.29776 -0.323423 -0.101815
-0.187877 -0.368424 -0.0895242
0.409471 0.197298 -0.109266
-0.270294 -0.342347 -0.100145
0.252056 -0.313697 -0.0845426
-0.46827 0.0869058 -0.120699
-0.232382 -0.416881 -0.121246
-0.348484 0.0833087 -0.0663948
0.416491 0.0266945 -0.091252
-0.201153 -0.384909 -0.0992323
-0.204154 -0.427498 -0.119337
0.275967 -0.30162 -0.0873841
0.0435181 -0.431314 -0.0988482
0.0699735 0.390036 -0.081863
-0.109596 -0.404885 -0.0922244
-0.424645 0.142558 -0.105934
-0.158369 -0.378558 -0.0880717
-0.457709 0.100864 -0.116638
0.465961 0.0353639 -0.115902
-0.0102086 -0.372312 -0.0719487
0.000916354 -0.400368 -0.0836462
0.187971 0.384679 -0.0962915
-0.196846 -0.339333 -0.0801605
0.0444856 0.282478 -0.0417583
0.194881 -0.406882 -0.107549
-0.315595 -0.34148 -0.11468
-0.269003 -0.250391 -0.0699778
0.361161 -0.00652736 -0.0675195
-0.345918 0.190462 -0.0812699
0.244455 0.412075 -0.122255
0.228308 -0.323282 -0.0816514
-0.382489 0.0904925 -0.0804822
-0.297382 -0.281834 -0.0877864
-0.080796 -0.373474 -0.0758847
-0.0806193 -0.330793 -0.0597467
0.29339 0.0479928 -0.0452127
0.288105 0.312038 -0.094667
0.323499 -0.321441 -0.110043
0.06521 -0.44473 -0.106712
0.115772 -0.343453 -0.0679931
-0.188696 0.379506 -0.0942578
-0.443844 0.173053 -0.120764
0.0218163 -0.416199 -0.0909884
0.00439963 -0.475091 -0.120074
-0.402524 0.169779 -0.100473
-0.309976 0.361667 -0.120732
-0.183932 0.318402 -0.0700596
0.284271 0.190149 -0.0603015
-0.0199264 -0.343244 -0.0609653
0.139632 0.461553 -0.123946
-0.241329 -0.26043 -0.0651544
-0.242407 -0.387832 -0.110717
0.274299 -0.385172 -0.118863
-0.416825 -0.193111 -0.111763
-0.214591 -0.398865 -0.108453
-0.314042 0.0757108 -0.0536146
0.173458 -0.396114 -0.0983317
0.126528 0.367645 -0.0786813
0.380518 0.143929 -0.0864953
-0.144745 0.321097 -0.0640803
0.289741 0.376358 -0.119997
-0.119625 -0.375665 -0.0809976
0.333203 0.115104 -0.064197
0.317678 0.140232 -0.0622282
0.218266 0.24113 -0.05437
0.325174 0.208209 -0.0775518
0.403457 0.18663 -0.104237
-0.0566941 0.410475 -0.0898921
-0.104751 0.324728 -0.0600111
-0.121411 -0.389793 -0.0871359
0.198825 0.384029 -0.0983402
-0.224576 -0.327826 -0.0823423
0.0758722 0.16758 -0.0170654
0.197854 -0.355954 -0.0866815
0.0729976 0.109294 -0.0086745
0.286405 -0.286749 -0.0858079
0.0684883 0.324788 -0.0566961
0.0312144 -0.451271 -0.108159
0.135776 0.267842 -0.0461522
0.169844 0.105528 -0.0201956
0.126641 -0.329841 -0.0644965
0.242209 0.284059 -0.0722906
0.161709 0.312122 -0.0638216
-0.0268753 0.465557 -0.11539
-0.288504 0.275394 -0.0829813
-0.28819 0.162472 -0.0563109
0.189419 -0.0166898 -0.0182455
-0.269561 0.244796 -0.0686507
0.0129511 0.347227 -0.0623082
0.37746 0.0855565 -0.0779349
-0.425208 -0.0139313 -0.0950113
-0.0513978 0.0940636 -0.00576145
0.465609 -0.0132734 -0.115109
-0.394904 0.238377 -0.112742
0.242213 0.0161828 -0.029912
0.398643 0.0704087 -0.0856007
-0.416767 0.0971591 -0.0961942
0.212997 0.399975 -0.108567
-0.293422 0.0200712 -0.0442277
-0.477961 0.0242627 -0.121954
0.295535 0.267574 -0.0829049
0.346218 0.305668 -0.113039
0.109577 0.0407189 -0.00685606
0.202937 0.330741 -0.0783563
-0.215154 0.157873 -0.0362652
0.203648 0.322879 -0.075729
-0.188328 0.19581 -0.0376118
-0.157592 0.157917 -0.0252041
0.464382 0.0837582 -0.118335
0.173093 0.163822 -0.0288147
-0.179248 0.102208 -0.0215198
-0.307193 0.306292 -0.0989904
0.41654 0.103864 -0.096835
-0.253906 0.155605 -0.0453699
0.141282 0.165183 -0.0239088
-0.368398 0.162701 -0.0846796
-0.322714 0.169661 -0.0688338
-0.23842 0.178786 -0.0454365
-0.356697 0.176847 -0.082671
-0.0134652 0.359027 -0.0667699
0.192752 0.197237 -0.0387799
-0.376128 0.207492 -0.0969634
-0.330464 0.21401 -0.0807648
-0.410199 0.21472 -0.113641
0.116747 0.234514 -0.034923
-0.291526 0.329933 -0.102138
0.254385 0.249158 -0.0655437
0.358972 0.271458 -0.107
0.351729 0.316659 -0.119083
0.0186591 0.421908 -0.0935534
0.177984 0.320929 -0.0697708
0.0421013 0.400692 -0.084755
-0.104057 0.389353 -0.0848081
0.0975798 0.378207 -0.0794363
