36.9 0 0 4.83429e-15 78.95 0 4.83429e-15 4.83429e-15 78.95
0.117311 -0.740658 -0.338438
0.192181 -0.728937 -0.342948
-0.342825 -0.695689 -0.368741
-0.011407 -0.736308 -0.323449
0.209535 -0.711325 -0.329097
0.34382 -0.663824 -0.335828
0.281665 -0.667945 -0.31115
-0.423685 -0.62621 -0.345514
0.143427 -0.682519 -0.283344
-0.355498 -0.64017 -0.318969
-0.220902 -0.663422 -0.285106
0.334357 -0.640763 -0.308894
0.128011 -0.665107 -0.264305
0.309979 -0.636577 -0.293825
-0.130635 -0.649904 -0.251295
0.146007 -0.646544 -0.251226
0.441774 -0.582814 -0.317971
-0.318621 -0.610922 -0.275255
-0.414715 -0.585654 -0.303565
-0.0151571 -0.640792 -0.232435
-0.23958 -0.611581 -0.245964
-0.174499 -0.620669 -0.235592
0.576724 -0.513676 -0.364762
0.285964 -0.594547 -0.248509
-0.195028 -0.605117 -0.228121
-0.0897181 -0.610937 -0.213421
0.1163 -0.609446 -0.215749
-0.453114 -0.546128 -0.295421
-0.0508405 -0.607853 -0.20758
0.191214 -0.597066 -0.22093
0.557294 -0.504759 -0.340726
-0.215843 -0.590109 -0.222065
-0.149594 -0.598096 -0.212661
0.485683 -0.528064 -0.303394
0.0689161 -0.588856 -0.194705
-0.0341467 -0.589528 -0.192974
-0.457227 -0.513569 -0.273922
-0.154112 -0.566547 -0.19051
-0.220165 -0.557774 -0.199741
-0.0168481 -0.571728 -0.17973
0.230872 -0.552391 -0.199024
0.129499 -0.558706 -0.180807
-0.508159 -0.48164 -0.285999
-0.174789 -0.550927 -0.183956
0.0645441 -0.557761 -0.172512
-0.571917 -0.457384 -0.319037
0.346761 -0.521905 -0.220659
0.0327105 -0.555402 -0.169061
0.215627 -0.533214 -0.181961
0.321243 -0.517055 -0.206617
0.357914 -0.508264 -0.216696
-0.427503 -0.488363 -0.239248
-0.0209495 -0.539107 -0.158024
-0.358941 -0.502387 -0.213382
-0.223952 -0.524954 -0.178861
0.295134 -0.511825 -0.193197
0.332667 -0.503527 -0.202633
0.369154 -0.494771 -0.213281
-0.123114 -0.497589 -0.141368
0.224075 -0.487921 -0.156363
0.329735 -0.470829 -0.181712
-0.0845021 -0.495023 -0.135239
0.46918 -0.439581 -0.234076
0.122563 -0.493301 -0.138819
0.366188 -0.462051 -0.192278
0.0905142 -0.49248 -0.134396
0.05829 -0.491315 -0.130971
0.165774 -0.480799 -0.138983
0.303109 -0.46535 -0.168391
0.340483 -0.457034 -0.178299
0.377109 -0.448075 -0.189434
-0.346186 -0.4521 -0.177954
-0.238887 -0.463805 -0.146878
0.35069 -0.442838 -0.174827
0.455609 -0.421286 -0.21582
0.21953 -0.454312 -0.13663
-0.155015 -0.454043 -0.122609
-0.0165419 -0.460762 -0.112631
-0.221498 -0.445894 -0.132753
-0.356715 -0.423293 -0.167187
0.23038 -0.440376 -0.132248
-0.425278 -0.409371 -0.192811
-0.0777702 -0.448871 -0.109794
0.128745 -0.446888 -0.114723
-0.24938 -0.434747 -0.134665
0.50611 -0.388514 -0.229994
0.0973007 -0.446226 -0.110385
0.440989 -0.402812 -0.197958
-0.27721 -0.423699 -0.137658
0.140635 -0.433441 -0.109859
0.241574 -0.426721 -0.128478
-0.51747 -0.37463 -0.230664
-0.0985062 -0.434 -0.104489
-0.515996 -0.373312 -0.229035
-0.0285998 -0.433332 -0.0992194
0.012738 -0.434316 -0.0993296
0.0758751 -0.432224 -0.101431
-0.000863518 -0.433768 -0.0989758
0.0438818 -0.430044 -0.0982594
-0.231913 -0.416963 -0.121161
0.252472 -0.413043 -0.124984
0.151439 -0.420869 -0.105609
-0.260005 -0.406511 -0.124131
-0.0471907 -0.416747 -0.0922035
0.0226724 -0.415253 -0.0905765
0.194524 -0.406949 -0.107502
0.263299 -0.399251 -0.121779
-0.287874 -0.395146 -0.127654
-0.148073 -0.407793 -0.0990123
0.162234 -0.407414 -0.101282
0.300521 -0.391627 -0.130336
-0.109112 -0.405146 -0.0922824
-0.176527 -0.398379 -0.0999264
-0.49306 -0.352034 -0.20441
-0.349749 -0.376863 -0.142299
0.374274 -0.374338 -0.151596
0.205336 -0.393213 -0.103774
-0.242418 -0.389176 -0.111307
-0.452805 -0.355915 -0.182509
0.00124605 -0.40067 -0.0837783
0.477184 -0.351166 -0.194408
-0.41847 -0.362913 -0.167427
0.409862 -0.364463 -0.16383
0.311658 -0.377167 -0.127868
-0.556903 -0.328176 -0.237006
0.348583 -0.368609 -0.138248
-0.060358 -0.38968 -0.0810298
0.0112557 -0.38751 -0.0782034
0.32159 -0.363128 -0.125519
-0.332566 -0.358994 -0.12792
-0.119564 -0.376505 -0.0813334
-0.580206 -0.307416 -0.245774
-0.18629 -0.367838 -0.0889615
-0.4695 -0.330637 -0.181313
0.461612 -0.332004 -0.17739
-0.00925452 -0.37167 -0.0716812
0.194554 -0.365826 -0.0898792
0.43731 -0.327479 -0.162434
-0.315117 -0.341557 -0.11454
-0.0705881 -0.360139 -0.0697758
0.000311113 -0.359292 -0.0667748
0.275581 -0.343717 -0.102273
0.411879 -0.322664 -0.147801
-0.106699 -0.351076 -0.0697521
-0.269962 -0.33493 -0.0972583
0.217387 -0.337493 -0.0841172
-0.0195503 -0.343321 -0.0609855
0.285618 -0.329422 -0.100054
0.385981 -0.31745 -0.133834
-0.157905 -0.33627 -0.0715666
-0.298024 -0.324148 -0.102164
0.322893 -0.320886 -0.109622
0.519732 -0.290383 -0.196535
-0.0576849 -0.334823 -0.0594863
0.359185 -0.311991 -0.120427
-0.080219 -0.331169 -0.0598448
0.22774 -0.323134 -0.0814583
-0.509818 -0.285056 -0.188317
-0.00939019 -0.329854 -0.0560147
-0.469023 -0.288158 -0.165145
-0.39433 -0.298401 -0.130827
-0.0489171 -0.324119 -0.0552494
-0.0698507 -0.317055 -0.0541685
-0.0347296 -0.318837 -0.0528268
-0.175536 -0.312072 -0.0662986
0.00172171 -0.316196 -0.0513076
0.438223 -0.285105 -0.147547
-0.314566 -0.298731 -0.0989962
0.206472 -0.309727 -0.0718629
-0.0754158 -0.313339 -0.0533578
0.27626 -0.301459 -0.0874195
0.503394 -0.271146 -0.179589
0.412511 -0.280254 -0.133229
-0.452848 -0.270717 -0.150506
-0.26918 -0.292082 -0.082269
-0.0586152 -0.303944 -0.0491149
0.349528 -0.284175 -0.107209
0.217547 -0.294969 -0.0695879
-0.0189762 -0.30096 -0.0465522
0.00858219 -0.301027 -0.046423
0.285981 -0.287117 -0.0857908
-0.157448 -0.294016 -0.0572569
0.386118 -0.274916 -0.119469
-0.179302 -0.292769 -0.0607784
-0.11857 -0.290872 -0.0506135
0.323119 -0.278355 -0.0955042
0.610673 -0.233623 -0.243363
-0.332614 -0.274387 -0.0977363
-0.0487274 -0.29114 -0.0445613
0.384334 -0.269487 -0.117014
0.551229 -0.243238 -0.201888
0.519465 -0.247909 -0.182261
-0.185701 -0.282943 -0.0590121
0.359483 -0.269657 -0.106659
-0.00814538 -0.286729 -0.0420229
-0.0278039 -0.282876 -0.0412465
-0.508966 -0.242149 -0.173975
-0.0498272 -0.281677 -0.0417853
0.109397 -0.278574 -0.0458362
-0.287473 -0.267239 -0.0802487
-0.213343 -0.271997 -0.0616491
0.00452121 -0.279112 -0.0397521
0.462563 -0.247317 -0.148607
-0.468455 -0.24547 -0.151298
-0.0687793 -0.274498 -0.0408754
-0.0499321 -0.2747 -0.0397675
0.00272552 -0.273263 -0.0380646
0.207322 -0.265857 -0.0585449
-0.31447 -0.257768 -0.0864002
-0.240844 -0.260535 -0.0650585
0.437368 -0.242412 -0.134006
0.275845 -0.258405 -0.0741835
0.595705 -0.214777 -0.226045
-0.348885 -0.249352 -0.0966159
0.37612 -0.246813 -0.106906
0.565959 -0.219561 -0.205341
-0.26472 -0.25611 -0.0703062
-0.0588591 -0.26094 -0.036441
0.313143 -0.249733 -0.0837171
0.0134081 -0.259958 -0.034473
-0.418284 -0.23517 -0.122656
-0.451346 -0.227954 -0.137258
-0.233991 -0.24934 -0.0602777
-0.0988759 -0.255396 -0.0382326
0.186189 -0.251703 -0.0502743
0.478473 -0.223866 -0.150913
0.153236 -0.25053 -0.0440955
0.255425 -0.24429 -0.0645426
-0.0475742 -0.247538 -0.0322905
-0.33111 -0.232611 -0.0855284
0.0245805 -0.245308 -0.0308665
-0.258523 -0.235925 -0.0632473
0.186674 -0.240104 -0.0473705
0.0151935 -0.24342 -0.0301981
-0.123524 -0.240966 -0.0373594
0.197413 -0.237166 -0.0488006
-0.365258 -0.22424 -0.0965051
-0.555274 -0.200291 -0.192811
0.579718 -0.19595 -0.209095
-0.146527 -0.2373 -0.0396779
0.164816 -0.236869 -0.0425405
0.549321 -0.200538 -0.188809
-0.399559 -0.21719 -0.109393
0.428172 -0.213917 -0.121986
-0.434276 -0.210543 -0.124171
0.0667822 -0.233565 -0.029955
-0.0501547 -0.232112 -0.0286049
0.0358245 -0.23181 -0.0278989
0.302502 -0.220945 -0.0728128
0.139982 -0.229557 -0.0368236
0.644894 -0.176818 -0.256463
-0.320925 -0.218224 -0.0783787
0.493629 -0.200205 -0.153685
-0.19323 -0.224417 -0.0448564
0.401582 -0.208684 -0.10827
-0.134785 -0.223452 -0.0346491
0.164574 -0.223828 -0.0393666
0.175834 -0.222097 -0.0409613
0.339114 -0.212203 -0.0835003
0.300944 -0.215103 -0.0709341
0.111019 -0.220812 -0.0310229
0.143642 -0.221515 -0.0354803
-0.0962914 -0.221384 -0.029579
-0.0593688 -0.221903 -0.0267404
-0.258758 -0.213874 -0.0580328
-0.201782 -0.215978 -0.0446795
0.244575 -0.214619 -0.0544199
0.469461 -0.195403 -0.13894
0.0788411 -0.219269 -0.0275263
-0.538816 -0.182769 -0.177642
0.0506988 -0.216445 -0.0250225
-0.457569 -0.189286 -0.131207
0.444106 -0.190356 -0.124481
0.105457 -0.210186 -0.0280428
-0.0849609 -0.207447 -0.0254501
0.122714 -0.205539 -0.0290753
-0.0144339 -0.206267 -0.0216106
-0.337047 -0.192858 -0.0784767
-0.191049 -0.201455 -0.0393147
0.223862 -0.200408 -0.0462062
0.508749 -0.176709 -0.157416
0.540825 -0.172086 -0.176656
-0.157216 -0.201341 -0.0331779
-0.112774 -0.197112 -0.0261269
0.484367 -0.171791 -0.142168
-0.218334 -0.19025 -0.0428504
0.391045 -0.179862 -0.0973739
-0.561465 -0.161506 -0.188413
-0.291882 -0.186116 -0.0618286
-0.0741451 -0.193634 -0.0217319
0.32878 -0.183648 -0.0736215
-0.00278089 -0.19199 -0.0186072
-0.439567 -0.171201 -0.118257
0.664387 -0.143375 -0.266493
0.202458 -0.185422 -0.0384235
0.459446 -0.166635 -0.127565
0.271002 -0.177373 -0.0539045
-0.208152 -0.176187 -0.0379028
-0.0630669 -0.179842 -0.0183283
-0.591516 -0.144865 -0.206828
0.433614 -0.161607 -0.113512
0.30853 -0.168874 -0.0638959
0.584571 -0.14353 -0.201454
-0.388611 -0.161591 -0.0928783
0.181121 -0.170179 -0.0313751
-0.235492 -0.165716 -0.0423563
0.406823 -0.156493 -0.0999975
-0.30909 -0.162133 -0.0628895
0.344654 -0.160098 -0.075023
0.498797 -0.148072 -0.146023
0.250399 -0.162864 -0.0456544
-0.19613 -0.163479 -0.0331456
0.0513301 -0.165948 -0.0152024
-0.225753 -0.160751 -0.0391699
-0.263556 -0.158895 -0.0485325
-0.199179 -0.159537 -0.0331103
0.47399 -0.143191 -0.13119
0.242826 -0.157387 -0.0427826
0.127263 -0.153838 -0.0201337
-0.297986 -0.147377 -0.0568753
0.206519 -0.150892 -0.0332624
0.448325 -0.137998 -0.116846
-0.411939 -0.139789 -0.099575
0.0948347 -0.152763 -0.0162978
0.229022 -0.147948 -0.0378877
0.42213 -0.132875 -0.103256
-0.527211 -0.12625 -0.159697
0.210268 -0.144703 -0.0331244
0.360927 -0.136575 -0.0774606
-0.252554 -0.141132 -0.0427652
-0.295598 -0.136453 -0.0544831
-0.214383 -0.138269 -0.0330865
-0.0695676 -0.140532 -0.012371
0.574819 -0.115042 -0.189846
0.604392 -0.110485 -0.211011
-0.193696 -0.135069 -0.0282808
0.207564 -0.132706 -0.0308218
-0.241528 -0.127144 -0.0379718
0.173462 -0.129891 -0.0237627
0.275989 -0.125192 -0.0470273
0.462707 -0.114233 -0.12088
0.313639 -0.120558 -0.058142
-0.348591 -0.115158 -0.0698265
0.639916 -0.0960645 -0.237584
0.312383 -0.116402 -0.0572022
0.376394 -0.113017 -0.0804595
0.436475 -0.109165 -0.106931
-0.270539 -0.115002 -0.0441846
0.185853 -0.117454 -0.0244677
0.153983 -0.11681 -0.0188555
-0.382911 -0.108136 -0.0825657
-0.230161 -0.112956 -0.0334253
-0.303298 -0.108498 -0.0533014
0.254751 -0.110576 -0.0393361
-0.417785 -0.101458 -0.0971367
-0.253222 -0.105816 -0.0383965
0.291635 -0.101466 -0.048867
-0.219386 -0.0991733 -0.0294154
0.417864 -0.0944015 -0.0964081
-0.0750524 -0.101854 -0.00803585
-0.00354433 -0.100796 -0.00509919
0.0272189 -0.100762 -0.00546188
-0.292911 -0.0947684 -0.0485685
0.509272 -0.0862567 -0.143728
0.328004 -0.0927842 -0.0598911
0.391176 -0.0892835 -0.0840254
0.201062 -0.0945752 -0.0249977
0.540805 -0.0812102 -0.162782
0.484738 -0.0808811 -0.129088
-0.440494 -0.079949 -0.105811
0.27045 -0.0864286 -0.0411534
-0.608994 -0.0710984 -0.210018
-0.211577 -0.0866427 -0.0264866
-0.208676 -0.0852566 -0.0257384
-0.482524 -0.0766186 -0.127475
-0.562225 -0.0702085 -0.176001
-0.0952667 -0.0849831 -0.00818241
0.458945 -0.0758898 -0.114783
0.30741 -0.0777965 -0.0516084
0.179808 -0.0793334 -0.0195025
0.370608 -0.0743732 -0.074193
0.148036 -0.0781054 -0.014107
-0.23632 -0.0746935 -0.0311999
-0.0915883 -0.0770921 -0.00719166
0.432473 -0.0709458 -0.101149
0.115427 -0.07708 -0.00967925
-0.645965 -0.0582338 -0.238857
-0.244025 -0.0737965 -0.0330429
0.0833529 -0.0759063 -0.00637506
-0.270103 -0.0711055 -0.0397978
-0.309477 -0.0700147 -0.0516742
0.24878 -0.0716285 -0.0340921
-0.344535 -0.0689694 -0.0637635
-0.197332 -0.0718246 -0.0222979
-0.00398926 -0.0731364 -0.00268603
0.322258 -0.0692352 -0.0558835
-0.31335 -0.0691396 -0.0528826
-0.401172 -0.0329547 -0.0845903
-0.237227 -0.034271 -0.0291505
0.243263 -0.0345593 -0.0306556
0.27628 -0.0342428 -0.0395332
0.426796 -0.0316328 -0.0962054
-0.357321 -0.0279402 -0.0664365
-0.276928 -0.0292604 -0.039555
0.399105 -0.0269172 -0.0834899
-0.476181 -0.0245431 -0.120995
-0.516854 -0.021403 -0.144194
0.114211 -0.0251943 -0.00686298
0.547876 -0.0192358 -0.163662
-0.390738 -0.0209097 -0.0797355
-0.311173 -0.021405 -0.049888
0.491416 -0.0186336 -0.129274
0.229701 -0.0181814 -0.0269085
0.189297 -0.016363 -0.0182165
0.523872 -0.0138275 -0.148315
0.31563 -0.0150141 -0.0512364
0.465419 -0.0132749 -0.115009
0.378648 -0.0117666 -0.074534
0.226667 -0.00792218 -0.0260598
0.273807 -0.00769403 -0.0382462
0.227504 -0.00292132 -0.0262273
0.472595 -0.003386 -0.118727
0.447016 0.0017339 -0.105476
0.358562 0.00328594 -0.0664999
0.204645 0.00699219 -0.0211888
0.41987 0.00646272 -0.0924389
0.172784 0.00864993 -0.0150783
-0.576789 0.0124298 -0.183201
-0.622848 0.0117338 -0.217745
-0.16563 0.0186814 -0.0139889
-0.277783 0.0202203 -0.0395688
0.337246 0.0182888 -0.0587609
0.399886 0.0218646 -0.0836961
0.278999 0.0248587 -0.0400304
-0.478052 0.0238911 -0.121993
0.516997 0.0246422 -0.144368
0.0618535 0.0299291 -0.00236359
-0.115904 0.0317681 -0.00724772
-0.658504 0.0247395 -0.24783
0.188465 0.0322553 -0.01845
-0.267265 0.0337812 -0.0369691
0.315863 0.0331999 -0.0517764
0.491994 0.0296209 -0.129905
-0.0449266 0.0364439 -0.00167468
0.548795 0.0294163 -0.164561
-0.425652 0.0348414 -0.0957842
0.256741 0.0395636 -0.0343298
0.466057 0.0346371 -0.115923
0.293346 0.0479933 -0.045199
-0.256194 0.0474563 -0.0345403
-0.415323 0.0485519 -0.0916224
-0.548843 0.0442198 -0.165245
-0.290529 0.0547911 -0.0447039
0.20342 0.0557111 -0.0224947
-0.100269 0.0586823 -0.0067717
0.20422 0.0592791 -0.0228714
-0.206261 0.0642948 -0.0236176
-0.404479 0.0624326 -0.0875864
-0.167052 0.0673157 -0.0163526
-0.279129 0.068913 -0.0422224
-0.128318 0.0700231 -0.0107421
0.336013 0.0668863 -0.0605206
-0.577645 0.0611612 -0.186006
0.278338 0.0734343 -0.0423281
0.398792 0.0703738 -0.0856627
-0.438897 0.0689832 -0.104115
-0.262277 0.0779092 -0.0381575
0.540614 0.0677696 -0.161463
0.218165 0.0796132 -0.027341
0.187078 0.0806778 -0.0209734
-0.478936 0.0727629 -0.125171
-0.393826 0.0763929 -0.083995
0.0576385 0.0854942 -0.00532993
-0.2685 0.0824467 -0.0402551
-0.2374 0.0833543 -0.0321709
0.314197 0.0814764 -0.0541448
0.516028 0.072613 -0.146512
-0.228854 0.0852473 -0.0302791
0.490701 0.0781039 -0.132179
0.255087 0.0880095 -0.0370956
0.377397 0.0854603 -0.0779002
0.547222 0.0776778 -0.166625
-0.302436 0.0897793 -0.0510678
0.4645 0.0830436 -0.118329
-0.468506 0.0865753 -0.120792
-0.382501 0.0900997 -0.0804483
-0.218599 0.0991132 -0.0292317
-0.337127 0.0968654 -0.0635371
-0.179462 0.101923 -0.0215293
-0.416958 0.0967132 -0.0962341
-0.140492 0.104781 -0.0154783
0.356081 0.100283 -0.0709417
0.170284 0.105606 -0.0202803
0.0727674 0.109102 -0.00863651
0.249601 0.106707 -0.0375485
0.444491 0.098603 -0.10966
-0.37119 0.103994 -0.077285
0.29448 0.10672 -0.0503199
0.298028 0.106725 -0.0514279
-0.457944 0.100489 -0.116717
0.416963 0.103199 -0.0969541
-0.325683 0.110846 -0.0610413
0.238664 0.112833 -0.0354751
0.0128042 0.121696 -0.00751521
0.333565 0.115072 -0.0643224
-0.280159 0.117788 -0.0473001
-0.241752 0.120147 -0.0371289
0.275312 0.121288 -0.0463268
0.423359 0.113993 -0.101238
-0.538548 0.106502 -0.164163
-0.360509 0.117871 -0.0747219
-0.145477 0.127911 -0.0189418
0.395764 0.118462 -0.0893203
-0.315176 0.124561 -0.0591765
-0.0859254 0.131311 -0.0123896
0.120494 0.131575 -0.0160441
0.153429 0.130509 -0.0204967
-0.631855 0.10489 -0.232043
-0.230738 0.134143 -0.0362751
-0.191925 0.136991 -0.0281985
-0.152832 0.139753 -0.0216792
0.166254 0.13959 -0.0238472
0.221693 0.137567 -0.0346361
0.402146 0.128991 -0.0935563
0.374197 0.133228 -0.082271
0.0284823 0.145378 -0.0110339
-0.265288 0.14107 -0.0462068
0.31792 0.140312 -0.0623222
0.25874 0.146206 -0.0451819
0.226917 0.146653 -0.0371908
0.380836 0.144109 -0.0866562
-0.424887 0.141968 -0.105955
0.493866 0.136348 -0.141218
0.467438 0.141396 -0.127355
-0.253952 0.155307 -0.0453337
-0.21531 0.157662 -0.0362653
0.549886 0.135634 -0.175847
-0.137099 0.164512 -0.0231993
0.173522 0.164068 -0.0289326
0.20601 0.163622 -0.0352267
-0.0981228 0.166523 -0.0188568
0.076348 0.167782 -0.0171368
0.358736 0.158316 -0.0800846
-0.288283 0.162181 -0.0562892
-0.413296 0.155767 -0.102825
-0.60347 0.136494 -0.214383
0.473494 0.151883 -0.132397
0.301249 0.165427 -0.0609138
-0.657778 0.131797 -0.258409
-0.20357 0.172101 -0.0361844
0.446963 0.15656 -0.119254
0.214982 0.173011 -0.0388288
0.241949 0.171199 -0.0449336
-0.322854 0.169147 -0.0687885
-0.546658 0.151174 -0.176403
0.0160924 0.180323 -0.0165242
0.274155 0.175521 -0.0544675
-0.277264 0.175955 -0.0554555
-0.238812 0.178519 -0.0454846
-0.402794 0.169785 -0.100595
0.425755 0.171504 -0.111564
-0.356764 0.176468 -0.0826243
-0.0827123 0.190206 -0.0217463
-0.0119831 0.190747 -0.018434
-0.311703 0.183239 -0.0676562
0.342484 0.183675 -0.0786054
-0.535738 0.16504 -0.171902
-0.188444 0.195676 -0.0376073
0.28432 0.190134 -0.0603133
-0.226952 0.193043 -0.0454177
0.590069 0.160417 -0.208744
-0.149363 0.198566 -0.0313605
0.193328 0.197312 -0.0389111
-0.0398953 0.201903 -0.0214074
-0.345927 0.190118 -0.0812022
0.0639113 0.202458 -0.0227969
0.403985 0.186374 -0.104421
-0.261699 0.199735 -0.055744
-0.432679 0.186629 -0.117981
0.617559 0.16459 -0.230889
0.230593 0.206364 -0.0490842
-0.0666533 0.213919 -0.0254253
-0.296938 0.206505 -0.0676997
0.410017 0.197245 -0.109505
-0.421024 0.200407 -0.115367
-0.17273 0.219033 -0.0396934
0.325754 0.208569 -0.0778376
-0.211962 0.216727 -0.0470563
0.266788 0.214367 -0.0603878
-0.133799 0.22233 -0.0342529
-0.330803 0.213681 -0.0808103
0.387924 0.211539 -0.102912
-0.285198 0.220773 -0.0673041
-0.410486 0.214202 -0.113649
0.148787 0.232801 -0.0389243
0.181311 0.2323 -0.0444043
0.211856 0.230821 -0.0503482
-0.364345 0.221062 -0.0953539
-0.0504527 0.236817 -0.0297566
0.0522886 0.237575 -0.0300391
-0.31912 0.227896 -0.0800944
-0.0497618 0.240453 -0.0306157
-0.451241 0.217473 -0.134502
-0.196029 0.240025 -0.0492316
-0.157181 0.242696 -0.042716
0.308191 0.232739 -0.0775842
-0.234666 0.238229 -0.0575676
0.218234 0.240921 -0.0543092
-0.117824 0.246187 -0.0379659
0.0238027 0.248296 -0.0316083
0.121795 0.245294 -0.0382325
-0.0501088 0.247553 -0.0324224
0.165576 0.245437 -0.0448323
-0.145631 0.247768 -0.0421887
-0.0595064 0.250547 -0.0337261
-0.269259 0.244351 -0.0684464
0.370935 0.236323 -0.101914
-0.439249 0.231208 -0.131897
0.25502 0.249397 -0.0657806
-0.589517 0.208799 -0.219697
-0.0750042 0.258018 -0.0367756
-0.00403028 0.25913 -0.034166
0.510575 0.223777 -0.169797
0.457811 0.234159 -0.142341
-0.303946 0.251512 -0.0811103
-0.126552 0.261596 -0.0431551
0.233528 0.256662 -0.0621359
-0.480513 0.23435 -0.154904
-0.180457 0.263758 -0.0524415
0.104077 0.269197 -0.0425549
-0.141528 0.267056 -0.0467681
0.136514 0.26815 -0.046344
0.168126 0.266512 -0.0509453
-0.0314541 0.271008 -0.0379369
-0.383198 0.251818 -0.111323
-0.579178 0.222648 -0.215793
0.489823 0.239147 -0.161619
-0.337792 0.258621 -0.0950075
0.46342 0.244012 -0.14812
-0.25414 0.26792 -0.0706821
-0.0941467 0.275008 -0.0431788
0.353756 0.260909 -0.101789
0.0438654 0.281475 -0.0414347
0.205719 0.275323 -0.0609171
0.296186 0.267608 -0.0831248
-0.469809 0.248417 -0.152906
0.56965 0.232655 -0.21173
-0.0495002 0.285486 -0.0428963
0.495082 0.249691 -0.167805
0.468843 0.254376 -0.15414
0.441647 0.258925 -0.140985
-0.164863 0.288048 -0.056682
0.359514 0.271756 -0.107308
0.0160637 0.292652 -0.0439159
0.241865 0.283636 -0.0720711
-0.413787 0.268827 -0.130223
-0.0492712 0.296042 -0.0460966
-0.238753 0.291697 -0.0737657
0.447111 0.269034 -0.146939
-0.0116194 0.304148 -0.047446
0.186889 0.298274 -0.063995
-0.603352 0.249415 -0.242532
0.341131 0.295623 -0.107679
-0.187091 0.309113 -0.0675592
0.0960246 0.313624 -0.0553207
0.128742 0.312545 -0.0588619
0.160629 0.311166 -0.0633176
0.282974 0.301981 -0.0896524
0.0650908 0.315789 -0.0534058
-0.110714 0.314646 -0.0572697
0.151349 0.314412 -0.0628561
-0.443153 0.285824 -0.150341
-0.14841 0.31468 -0.0624761
-0.092796 0.318555 -0.0566487
-0.114658 0.320667 -0.0597733
-0.222667 0.315394 -0.0775328
0.583493 0.262354 -0.231426
-0.656194 0.244185 -0.286009
-0.18471 0.31832 -0.0701856
-0.145311 0.320826 -0.0640751
-0.105325 0.324374 -0.059953
0.346923 0.306018 -0.113435
0.430032 0.293716 -0.1463
0.457114 0.289798 -0.159129
-0.592555 0.263175 -0.238674
0.131065 0.323551 -0.0629106
-0.534269 0.278002 -0.201707
-0.48401 0.289111 -0.174077
-0.38667 0.30629 -0.130131
-0.341215 0.313054 -0.113677
-0.295377 0.320577 -0.100009
0.0410768 0.336768 -0.0593086
0.435111 0.303807 -0.152427
-0.0617105 0.337183 -0.0605855
0.233853 0.328079 -0.0847529
-0.581401 0.276914 -0.234957
0.15236 0.337188 -0.0709733
-0.291952 0.329865 -0.102251
0.0127871 0.347145 -0.0622759
-0.206732 0.339997 -0.0825775
-0.167962 0.342592 -0.0756516
0.239962 0.338879 -0.0902861
0.411999 0.318287 -0.146214
-0.415994 0.323034 -0.149942
-0.241555 0.346158 -0.093454
-0.0148135 0.358574 -0.0666164
-0.279366 0.344443 -0.103722
0.333146 0.33995 -0.120541
-0.457668 0.326424 -0.172965
-0.276174 0.353368 -0.106211
0.0932095 0.368453 -0.0750384
0.125395 0.36688 -0.0782217
0.157365 0.365432 -0.08256
0.279895 0.356287 -0.10853
0.422083 0.33809 -0.158845
-0.401149 0.346891 -0.152211
-0.356186 0.353715 -0.13512
-0.309663 0.360345 -0.120079
-0.186611 0.372519 -0.0909314
-0.0381522 0.379078 -0.0754219
0.0653261 0.379254 -0.0770164
0.0974694 0.378484 -0.0795383
-0.446123 0.3406 -0.172373
-0.147871 0.376192 -0.0853341
0.194148 0.373987 -0.0931153
0.162669 0.376337 -0.0879093
0.285399 0.366584 -0.11447
0.343499 0.359986 -0.132579
0.426675 0.34774 -0.165119
0.556762 0.322858 -0.234638
-0.104689 0.387857 -0.0842448
-0.260041 0.377337 -0.111183
0.0373189 0.390178 -0.080017
0.199691 0.3848 -0.0988602
0.348475 0.37037 -0.13896
-0.0609316 0.400987 -0.085945
0.560904 0.332272 -0.241724
-0.385833 0.370626 -0.155152
0.352844 0.380246 -0.145065
0.435806 0.367502 -0.178407
0.462615 0.363155 -0.191232
0.0142126 0.411553 -0.0887248
-0.166368 0.407008 -0.101854
0.5649 0.341457 -0.248804
0.440209 0.377155 -0.185156
-0.123468 0.418721 -0.100318
-0.239567 0.410351 -0.120102
-0.323719 0.400905 -0.142981
-0.414043 0.387315 -0.176255
0.245551 0.412729 -0.122868
0.362195 0.40031 -0.158236
-0.0140734 0.430323 -0.0974348
-0.0797488 0.429158 -0.100298
-0.00916123 0.430511 -0.0974612
-0.0308471 0.456929 -0.111032
0.135964 0.45299 -0.118913
0.16793 0.450945 -0.123388
0.505011 0.396746 -0.233478
-0.611452 0.36511 -0.297988
-0.439306 0.414994 -0.203263
0.530303 0.391172 -0.247828
-0.138295 0.459797 -0.122811
-0.0278486 0.464518 -0.114874
-0.215746 0.454312 -0.135677
0.140384 0.461751 -0.12417
0.172044 0.459969 -0.128892
0.37971 0.439455 -0.185936
0.0802459 0.47411 -0.123199
0.112665 0.473603 -0.126497
-0.249944 0.46144 -0.148765
0.145239 0.472337 -0.130631
0.176974 0.469885 -0.135195
-0.333406 0.451967 -0.172615
-0.379094 0.445365 -0.188867
0.38367 0.448619 -0.192821
0.0848817 0.48475 -0.129476
0.181753 0.479878 -0.141698
-0.283333 0.468462 -0.163181
-0.0450438 0.495285 -0.132438
0.0569586 0.494765 -0.132842
0.387388 0.458076 -0.199939
0.186402 0.489751 -0.148297
-0.0417345 0.504906 -0.137835
-0.190402 0.497631 -0.153767
0.190843 0.499375 -0.154895
-0.358864 0.47891 -0.198837
-0.403345 0.471922 -0.216034
-0.147464 0.510254 -0.152713
-0.1866 0.507736 -0.158939
-0.107332 0.514014 -0.14896
0.195242 0.509021 -0.161681
0.423118 0.472721 -0.227015
-0.103643 0.52231 -0.153566
0.0708776 0.52523 -0.151997
0.343693 0.494303 -0.201539
-0.626229 0.411467 -0.337782
0.199512 0.518639 -0.168611
0.289813 0.510524 -0.190449
-0.0994878 0.532591 -0.159495
-0.254231 0.521617 -0.185578
0.172781 0.531455 -0.170722
0.508728 0.475947 -0.282595
-0.334076 0.52216 -0.215307
0.0517184 0.554916 -0.169702
0.0845663 0.554563 -0.172167
0.181186 0.549387 -0.184313
0.149547 0.552413 -0.179954
0.383259 0.518472 -0.235605
-0.283858 0.539848 -0.207543
0.153909 0.561094 -0.186682
0.185008 0.558765 -0.191573
-0.420044 0.518694 -0.255339
-0.526385 0.487007 -0.303047
0.126086 0.572201 -0.189637
0.0977696 0.58248 -0.193056
0.130121 0.581162 -0.196682
0.444833 0.528025 -0.276596
-0.455745 0.531732 -0.286167
0.369648 0.559077 -0.257845
0.257765 0.582156 -0.228864
-0.34975 0.568558 -0.255409
-0.394064 0.561174 -0.272128
-0.299232 0.58437 -0.245698
-0.390643 0.57166 -0.278472
-0.295038 0.594864 -0.252277
0.0173516 0.631328 -0.224678
0.297665 0.606199 -0.262492
0.211623 0.62411 -0.247868
-0.286374 0.6143 -0.264727
-0.28191 0.624491 -0.27162
0.0586202 0.649391 -0.241808
0.0917502 0.649229 -0.244961
0.186893 0.643603 -0.25781
0.127875 0.656441 -0.25654
0.277094 0.63574 -0.279547
-0.27243 0.643969 -0.285098
0.00180377 0.677388 -0.264377
-0.0691529 0.676413 -0.266731
-0.116447 0.677061 -0.273344
0.140449 0.692626 -0.292509
-0.0227118 0.704095 -0.290258
