36.9 0 0 4.83429e-15 78.95 0 4.83429e-15 4.83429e-15 78.95
-0.0536948 0.475653 -0.122007
0.0479979 0.475059 -0.121356
0.0756711 0.464389 -0.117607
0.140555 0.461398 -0.124011
-0.0988135 0.461986 -0.118634
0.13609 0.453016 -0.118946
0.176539 0.450183 -0.124689
-0.0287511 0.457283 -0.111143
-0.0317299 0.457496 -0.111354
0.167991 0.450787 -0.123319
0.103711 0.454807 -0.115469
0.0719224 0.455963 -0.112912
-0.0876311 0.45587 -0.114278
0.138474 0.426151 -0.106009
0.121395 0.427345 -0.104098
-0.00937933 0.43035 -0.0973868
0.0315836 0.429763 -0.0976108
0.102513 0.425285 -0.100765
-0.0820205 0.425308 -0.0986754
-0.0458197 0.425146 -0.0960356
-0.0136603 0.42204 -0.0935255
-0.083607 0.422056 -0.0972938
-0.063629 0.420743 -0.0950544
-0.240226 0.409852 -0.120049
0.00266729 0.418934 -0.0919874
-0.0468711 0.417484 -0.0925253
0.0752285 0.415739 -0.0936328
-0.243756 0.401228 -0.117051
-0.127528 0.409681 -0.0967291
-0.166804 0.405765 -0.101372
-0.205392 0.402915 -0.108107
0.246498 0.392851 -0.11405
0.11421 0.402575 -0.0917657
0.00968934 0.401377 -0.0841385
-0.0613871 0.400188 -0.0856251
-0.293995 0.383588 -0.124542
0.127541 0.397164 -0.0911578
-0.131511 0.396887 -0.0916028
-0.155857 0.393209 -0.093857
-0.000573816 0.396335 -0.0818941
0.302527 0.377502 -0.124803
-0.0642425 0.39193 -0.0822507
0.158204 0.385563 -0.0909827
0.0374964 0.390618 -0.0802111
-0.260175 0.376592 -0.110907
-0.139229 0.380837 -0.0859001
0.285894 0.367002 -0.114803
0.143473 0.379063 -0.0858188
0.195026 0.374412 -0.0934787
0.0344514 0.381105 -0.0761102
-0.00766073 0.383199 -0.0763661
0.0657895 0.379646 -0.0772106
-0.310401 0.360058 -0.120222
-0.148207 0.37494 -0.0848744
-0.187256 0.372063 -0.0908769
-0.225617 0.369741 -0.0986742
-0.0388576 0.378705 -0.0752988
0.280839 0.35638 -0.108864
0.158145 0.365962 -0.0829057
0.189525 0.363806 -0.08801
0.0618817 0.370103 -0.0730728
-0.0414619 0.370194 -0.0719712
-0.0832917 0.369568 -0.074537
0.093311 0.368388 -0.0750224
0.299583 0.353059 -0.11366
0.125724 0.367158 -0.0783772
-0.151491 0.36569 -0.0816748
-0.000929965 0.367646 -0.0700348
0.080997 0.364516 -0.072332
0.275285 0.346193 -0.103134
0.333944 0.339707 -0.12075
-0.0857052 0.356873 -0.069787
-0.0151897 0.358137 -0.0664547
0.301003 0.341077 -0.109459
-0.279691 0.343854 -0.103598
-0.12263 0.354915 -0.0731788
-0.241755 0.345926 -0.0934185
-0.132109 0.352362 -0.0735076
0.101698 0.352309 -0.0696581
0.328298 0.329644 -0.114813
-0.128856 0.345276 -0.070387
-0.168202 0.34155 -0.0753098
-0.206819 0.338819 -0.0821616
0.137391 0.339058 -0.0693211
0.234883 0.328253 -0.0850794
-0.0624612 0.335959 -0.0601968
-0.295707 0.32003 -0.099923
0.316577 0.316279 -0.105714
-0.341332 0.312627 -0.113571
-0.199676 0.421138 -0.115256
0.347271 0.306334 -0.113681
0.319584 0.310632 -0.104805
-0.105944 0.32339 -0.0596838
0.0353718 0.325932 -0.0552688
-0.345293 0.303404 -0.111902
0.0445238 0.320184 -0.0536913
0.0551771 0.318911 -0.053823
0.345306 0.298676 -0.110305
0.161287 0.3117 -0.0636083
0.0644229 0.315518 -0.0532697
0.283805 0.301922 -0.0898913
0.228464 0.419143 -0.121294
0.0964862 0.313872 -0.0554499
-0.187671 0.308957 -0.0676239
-0.229851 0.308315 -0.0769018
0.341954 0.295382 -0.107914
-0.311178 0.296325 -0.0970275
-0.356745 0.289089 -0.111653
-0.0120075 0.303684 -0.0473029
-0.0825817 0.302515 -0.0504397
0.336086 0.285244 -0.102402
0.247129 0.290234 -0.0755047
-0.224734 0.291069 -0.0700679
0.250563 0.28698 -0.0754132
0.242655 0.28381 -0.0723307
-0.164851 0.287306 -0.0564539
-0.307371 0.277332 -0.0897199
-0.203895 0.284922 -0.0633857
-0.241254 0.282023 -0.0714206
0.205974 0.275614 -0.0610582
0.29662 0.267991 -0.0833773
0.0438866 0.281597 -0.0414714
-0.0584065 0.282513 -0.0425163
0.35441 0.260899 -0.102044
-0.0345825 0.375158 -0.0736844
-0.338187 0.25828 -0.0950575
-0.220356 0.265178 -0.0613179
0.104143 0.269331 -0.0425998
-0.181382 0.267175 -0.0535763
-0.383674 0.251544 -0.111451
0.200005 0.265333 -0.0568157
0.168773 0.26647 -0.0510483
0.136615 0.268151 -0.0463587
0.0713703 0.270258 -0.0398609
-0.0319013 0.270115 -0.0377007
-0.386214 0.250127 -0.112151
0.290974 0.257454 -0.0785602
-0.141666 0.266208 -0.0465514
-0.18083 0.263405 -0.0524143
0.34884 0.250899 -0.0970271
-0.219273 0.261106 -0.0599239
-0.344674 0.25059 -0.095343
-0.00352536 0.259066 -0.0341468
0.255343 0.249621 -0.0659285
0.00746244 0.257987 -0.0338805
-0.0752844 0.257505 -0.0366603
0.37147 0.236683 -0.10223
-0.269707 0.24397 -0.0684762
-0.353633 0.234726 -0.0945457
-0.335856 0.236163 -0.0881734
0.157348 0.246287 -0.043661
-0.399432 0.228193 -0.112091
0.249902 0.239253 -0.0617532
-0.049663 0.246561 -0.032146
-0.291088 0.236393 -0.0729691
0.219689 0.241564 -0.0548102
-0.11824 0.245898 -0.0379431
0.308805 0.233123 -0.0778865
-0.157608 0.24241 -0.0427138
0.219481 0.238402 -0.0539597
-0.196397 0.239695 -0.0492243
0.188568 0.239678 -0.0476364
-0.23498 0.237392 -0.0574347
0.365587 0.225929 -0.097059
-0.28833 0.231361 -0.0708401
0.155915 0.238705 -0.0415061
-0.319701 0.227687 -0.0802446
0.0514345 0.236807 -0.0298057
0.212855 0.230606 -0.0505191
-0.364756 0.220697 -0.0954305
0.181376 0.232003 -0.0443444
-0.409802 0.213996 -0.113283
-0.285084 0.220813 -0.067279
0.338002 0.216118 -0.0840046
0.388672 0.211284 -0.103176
-0.0235762 0.226467 -0.0262665
-0.0505787 0.226631 -0.0273335
-0.0936985 0.224658 -0.0300777
-0.133839 0.221666 -0.0341058
0.267319 0.214576 -0.0605864
-0.17309 0.218762 -0.0396962
-0.421376 0.200159 -0.115478
0.325866 0.208383 -0.0778353
-0.0500347 0.220798 -0.0259648
0.319669 0.207334 -0.0754329
0.382133 0.201101 -0.0980397
-0.0671808 0.213867 -0.02545
0.230791 0.206217 -0.0491004
0.319365 0.197746 -0.0732301
-0.261855 0.199352 -0.0557064
-0.433017 0.186376 -0.118093
0.40446 0.186217 -0.104603
-0.346219 0.189868 -0.0812602
0.428284 0.183171 -0.115115
0.193692 0.197682 -0.0390602
0.0641092 0.201747 -0.0226628
-0.14965 0.198331 -0.0313567
-0.188447 0.195366 -0.0375449
-0.227429 0.192796 -0.0454813
0.000315108 0.326136 -0.0546773
0.342502 0.183697 -0.0786164
0.0840583 0.193855 -0.0225777
0.124078 0.19018 -0.0261231
-0.0829168 0.189604 -0.0216468
0.426298 0.171489 -0.111821
0.247517 0.180821 -0.048139
-0.401968 0.169372 -0.100147
0.336272 0.172811 -0.074226
-0.277319 0.175994 -0.0554788
-0.0609648 0.181258 -0.018456
0.0157862 0.179826 -0.0164282
-0.323358 0.169186 -0.0689706
0.419586 0.161208 -0.106714
0.24183 0.170969 -0.0448625
-0.203781 0.171792 -0.0361739
0.3592 0.1585 -0.0802973
-0.413575 0.155475 -0.102903
-0.288494 0.161855 -0.0562975
-0.0982133 0.166078 -0.0187905
0.0768509 0.167309 -0.0170953
0.173549 0.163974 -0.0289215
0.284546 0.189796 -0.0603131
0.20566 0.162665 -0.0349902
-0.138684 0.164077 -0.0233499
0.283938 0.154578 -0.0536993
-0.254189 0.154898 -0.0453301
-0.425089 0.141469 -0.105972
0.380917 0.143667 -0.0866206
-0.337949 0.145496 -0.0701497
0.259118 0.146119 -0.0452714
0.317918 0.140353 -0.0623278
0.0281712 0.145217 -0.0110013
-0.152786 0.1395 -0.021636
0.222164 0.137486 -0.0347327
-0.191614 0.136819 -0.0281129
-0.230737 0.134084 -0.0362666
-0.368178 0.126237 -0.0788544
0.0890481 0.133079 -0.012903
0.152867 0.130282 -0.0203785
0.120824 0.131481 -0.0160719
-0.0861868 0.131159 -0.0123922
-0.315186 0.124307 -0.0591464
0.396138 0.118164 -0.089444
0.275618 0.121196 -0.0464036
-0.35993 0.1177 -0.0744748
-0.0362746 -0.234164 -0.0284798
-0.258699 -0.226538 -0.0609819
-0.434215 -0.21157 -0.124389
0.42752 -0.214187 -0.121734
0.249577 0.106525 -0.037522
-0.399663 -0.217581 -0.109535
-0.218605 -0.191136 -0.0430888
-0.214652 -0.3151 -0.0755344
0.376119 -0.113084 -0.0803552
0.164959 -0.236411 -0.042452
-0.254246 -0.22982 -0.0605631
-0.0271173 -0.432371 -0.0987118
0.432325 -0.071042 -0.101085
-0.269562 -0.292719 -0.0825841
-0.113671 -0.196018 -0.0260103
0.0731649 0.109072 -0.00866247
-0.365854 -0.225131 -0.0969681
-0.0470414 -0.365655 -0.0704392
-0.185188 -0.282919 -0.0589038
0.203537 0.0556725 -0.0225169
-0.257789 -0.236004 -0.0630653
0.406644 -0.201391 -0.108887
-0.147486 -0.174744 -0.0264948
-0.207716 -0.176669 -0.0378971
0.312776 -0.249822 -0.0836157
0.140992 -0.433253 -0.109824
0.0333314 -0.402352 -0.085122
-0.00830067 -0.287415 -0.0422298
-0.208308 -0.0854746 -0.0256787
0.151528 -0.419903 -0.10517
-0.0466278 -0.247355 -0.0321977
0.0559367 -0.247074 -0.0326192
0.317491 -0.235746 -0.0815103
0.012839 0.121216 -0.00745692
-0.190492 -0.201579 -0.0392302
-0.134944 -0.224296 -0.0348671
0.270277 -0.0865979 -0.0411198
-0.331894 -0.317046 -0.111558
0.186153 -0.251213 -0.0501373
0.0517427 -0.165443 -0.0151389
-0.130559 -0.139025 -0.0183553
0.255532 -0.243944 -0.0644816
0.153313 -0.25098 -0.0442258
0.391155 0.0624379 -0.0817956
-0.320505 -0.217942 -0.0781659
0.24871 -0.0718258 -0.0340889
-0.303843 -0.2429 -0.0787622
-0.0106979 -0.0731177 -0.00273406
-0.239716 -0.0254341 -0.0294901
-0.0913774 -0.0769589 -0.00716189
0.0675378 -0.233564 -0.030007
-0.271108 -0.206187 -0.0597941
0.322381 -0.321029 -0.109489
-0.0587951 -0.260536 -0.0363279
0.443595 -0.19072 -0.1243
-0.417233 -0.235505 -0.122245
0.0118245 -0.302928 -0.0470598
0.391117 -0.180494 -0.0975316
-0.393795 0.0761873 -0.0839644
0.370695 -0.0745302 -0.0742406
-0.383442 -0.24273 -0.108903
-0.175863 -0.396974 -0.0991759
-0.297674 -0.147527 -0.0568001
-0.264836 -0.257341 -0.0706791
0.376414 -0.246817 -0.107031
0.419897 0.0063556 -0.0924506
-0.348322 -0.249527 -0.0964471
-0.00909669 -0.371887 -0.0717667
0.313051 -0.293429 -0.0967288
0.189614 -0.0169286 -0.0182873
0.322937 -0.254953 -0.0885668
0.174744 -0.265801 -0.0519419
0.207096 -0.266125 -0.0585709
0.0021308 -0.13968 -0.00980561
-0.314585 -0.29956 -0.0992778
-0.241146 -0.261625 -0.0654407
-0.394142 -0.0669126 -0.0833897
0.00291706 -0.273446 -0.038117
-0.168109 -0.235199 -0.0427012
-0.0689543 -0.274824 -0.0409811
0.00168568 -0.316305 -0.0513438
-0.404784 0.0622285 -0.0877076
-0.476099 -0.0248398 -0.120959
0.406506 -0.156618 -0.0998757
0.0334286 -0.274568 -0.0390134
-0.0380141 -0.0727536 -0.00337478
-0.0784041 -0.0728647 -0.00574474
-0.222916 0.315136 -0.0775048
-0.267709 -0.0701488 -0.0390572
-0.346182 0.105036 -0.0677312
-0.213016 -0.271803 -0.0615187
-0.286454 -0.26766 -0.0800529
-0.18429 -0.444179 -0.123221
0.184227 -0.37962 -0.0933858
-0.155973 -0.212232 -0.0353084
-0.108073 -0.277597 -0.0454005
0.131137 -0.277632 -0.048305
0.256844 0.0394633 -0.0343531
-0.0771501 -0.449119 -0.109865
0.265914 -0.27286 -0.0754262
-0.147426 -0.280654 -0.0515807
0.354382 -0.0988239 -0.0701358
-0.101066 -0.28409 -0.046544
0.0788698 -0.219149 -0.0275015
-0.0405966 -0.455404 -0.110641
0.204414 0.00692327 -0.0211401
0.196662 -0.280865 -0.0606177
-0.231345 -0.246771 -0.0589453
0.433094 -0.161982 -0.113325
0.0430844 -0.30618 -0.0490018
-0.41539 0.0483081 -0.0916401
0.255812 0.00783426 -0.0333051
-0.236651 -0.282109 -0.070263
-0.230086 -0.113042 -0.0334175
-0.331433 -0.274338 -0.0972869
0.383913 -0.269878 -0.116951
0.00421775 -0.229381 -0.0266724
0.398765 0.0702648 -0.0856428
-0.118861 -0.291632 -0.0508831
0.244682 -0.317348 -0.083801
0.464734 0.082861 -0.118435
-0.425772 0.0346635 -0.0958337
0.385428 -0.274954 -0.119179
0.206466 -0.351456 -0.0868457
0.390985 -0.0896544 -0.0839798
-0.157477 -0.294523 -0.05742
-0.291452 -0.186109 -0.0616933
-0.246774 -0.29176 -0.0758904
-0.417074 0.0966321 -0.0962792
0.365865 -0.218173 -0.0952664
0.349909 -0.284347 -0.107414
-0.0366426 0.381206 -0.0762365
-0.0595624 -0.303905 -0.0491612
0.426606 -0.0319422 -0.0961265
0.417697 -0.094776 -0.0963705
0.127185 -0.154173 -0.0201763
-0.088619 -0.420926 -0.0972443
0.00986239 -0.307075 -0.0483658
0.143387 -0.221261 -0.0353842
-0.0999937 -0.306938 -0.0535379
0.270799 -0.177587 -0.0538864
0.0120606 -0.386807 -0.077918
-0.0595452 -0.388302 -0.0803937
0.275609 -0.301058 -0.0870905
-0.244131 -0.341692 -0.0924503
-0.241673 -0.303581 -0.0783532
0.207178 -0.132637 -0.0307297
0.443571 -0.100341 -0.109395
-0.241902 -0.346078 -0.0935158
-0.252597 -0.139922 -0.042599
-0.0689875 -0.140674 -0.0123504
-0.186321 -0.368397 -0.0891936
-0.069402 -0.317242 -0.0541981
-0.0236575 -0.178958 -0.0164278
0.312439 -0.116819 -0.0572725
0.206974 -0.309471 -0.0718891
-0.145979 -0.31509 -0.0622322
0.345034 -0.298143 -0.110021
0.327915 -0.0929426 -0.0598759
-0.37134 0.103747 -0.0773173
-0.0490433 -0.318119 -0.0532184
0.00150078 -0.358748 -0.0665668
-0.46958 -0.11237 -0.12429
0.162619 -0.406619 -0.100992
-0.0036004 -0.101309 -0.00515148
-0.162724 -0.212653 -0.0365169
-0.0608548 0.108811 -0.00780201
-0.0855854 -0.417865 -0.095531
0.108408 -0.432612 -0.104961
-0.288025 -0.310471 -0.094103
0.344322 -0.160235 -0.0749231
-0.27008 -0.336067 -0.0977161
-0.201702 -0.215959 -0.0446581
-0.382823 -0.108296 -0.0825479
-0.00618798 -0.447997 -0.105986
-0.179544 0.1017 -0.0215211
-0.224182 -0.15182 -0.037351
0.291483 -0.101545 -0.0488289
0.180729 -0.170025 -0.0312749
0.421835 -0.133117 -0.103153
-0.46059 0.110233 -0.119258
-0.438881 0.0687127 -0.104086
0.315876 0.0331228 -0.051778
0.172751 0.00838466 -0.0150701
-0.00853834 -0.329382 -0.0558419
0.401195 -0.208904 -0.108147
0.124049 -0.22372 -0.033273
0.120106 -0.0171879 -0.00738774
-0.0487963 -0.330859 -0.0575821
-0.185421 -0.32556 -0.0728378
-0.0799601 -0.330788 -0.0596886
0.11748 -0.351311 -0.0711409
-0.311875 0.182847 -0.067637
0.103684 -0.441473 -0.108736
0.0251116 -0.335554 -0.0583138
-0.118908 -0.334284 -0.0650587
-0.17908 -0.331295 -0.0736234
-0.0656691 -0.431797 -0.100423
-0.348817 -0.115566 -0.0699618
-0.200417 -0.331751 -0.078168
-0.0609942 0.0759702 -0.0047572
-0.157787 -0.337089 -0.0718437
-0.0745362 -0.101924 -0.00800406
0.26327 0.0536327 -0.0367698
0.417137 0.103005 -0.0970125
0.0316724 -0.0749727 -0.00331752
-0.0469613 -0.417898 -0.0927206
0.216981 -0.337205 -0.0839151
0.3339 0.114837 -0.064413
-0.154819 -0.454677 -0.122903
0.0546658 -0.416729 -0.0926145
-0.213506 -0.417 -0.116526
-0.290519 0.0545826 -0.0446889
-0.0573774 -0.345201 -0.0632267
-0.0608452 -0.346484 -0.0639193
-0.440756 -0.0804939 -0.10599
0.349305 -0.32706 -0.121924
-0.478127 0.0237052 -0.122029
0.18925 0.138049 -0.0278237
0.0435199 -0.129364 -0.00935832
0.448034 -0.138364 -0.116756
-0.0024506 -0.192299 -0.0186666
-0.34306 -0.154302 -0.073447
-0.275273 -0.211318 -0.0621464
-0.256064 0.0475156 -0.0345087
-0.255931 -0.341543 -0.0956505
-0.394558 0.124411 -0.0895901
0.294599 0.285194 -0.0879277
0.111354 -0.220293 -0.0309432
0.274909 -0.343423 -0.101954
0.152173 0.225739 -0.0377707
0.355904 -0.18943 -0.0848777
-0.138179 -0.353157 -0.0746966
-0.165435 -0.425741 -0.110407
0.143535 -0.353375 -0.0755953
-0.056201 -0.463744 -0.115815
0.20125 -0.0713166 -0.0230596
0.085542 -0.357975 -0.0701954
-0.0570325 -0.359589 -0.068634
-0.297368 -0.224345 -0.0719688
0.211844 -0.0713356 -0.0253035
-0.277019 -0.0293292 -0.0395834
-0.0698464 -0.359925 -0.0696371
0.360621 -0.136684 -0.0773569
0.0207598 0.429977 -0.0973987
0.0760429 -0.431403 -0.101051
0.297399 0.106562 -0.051212
0.112381 0.353221 -0.0712345
0.275269 -0.322977 -0.0945097
0.315489 -0.015723 -0.0512011
-0.303719 0.035545 -0.0479017
-0.21409 -0.357097 -0.0907983
-0.260477 0.258343 -0.0697254
-0.177408 -0.359701 -0.0839532
0.3081 -0.168968 -0.0637714
0.43773 0.0879706 -0.105208
-0.259424 -0.35378 -0.101368
-0.287632 -0.353193 -0.109763
-0.197607 -0.430154 -0.119138
0.0687962 -0.478961 -0.124864
-0.328471 -0.241145 -0.0867881
-0.00289466 0.0981268 -0.00483029
0.302284 -0.221203 -0.0728035
-0.0137547 -0.206017 -0.0215483
-0.0459592 0.0855348 -0.00472539
-0.323719 -0.0885481 -0.0579992
-0.336847 -0.192874 -0.0784067
-0.292563 -0.094903 -0.0484746
0.374398 0.133062 -0.0823288
0.0981687 -0.446219 -0.110477
-0.277811 0.020089 -0.0395744
0.0841776 -0.166649 -0.0175834
-0.196304 -0.163386 -0.0331651
0.015269 -0.462861 -0.113701
-0.0584429 -0.313696 -0.0522769
-0.30056 -0.362604 -0.117854
-0.11609 -0.451481 -0.115303
0.462571 -0.114675 -0.120866
-0.261486 -0.364863 -0.106412
-0.166921 0.0672366 -0.016325
-0.468753 0.0863145 -0.120898
0.0212971 -0.460549 -0.112621
-0.390612 -0.021499 -0.0796958
0.118927 -0.420123 -0.10036
-0.378352 -0.147137 -0.0861068
-0.0335591 -0.401489 -0.0847513
0.153989 -0.116715 -0.018845
0.264578 -0.357813 -0.104473
0.132227 -0.23583 -0.0372435
0.248676 -0.368884 -0.104408
0.402204 -0.118028 -0.0920897
0.399949 0.0215943 -0.083717
0.0370534 -0.47688 -0.121813
-0.165633 0.0186311 -0.0139885
-0.268427 0.0823744 -0.0402284
-0.280664 0.117361 -0.0473962
0.279176 0.0246351 -0.0400762
0.021553 -0.374416 -0.0729895
-0.00311279 -0.320121 -0.0526286
0.447495 0.156516 -0.119517
0.226839 -0.00796682 -0.0261003
-0.388515 -0.162597 -0.0930171
-0.0683167 -0.378204 -0.0768018
-0.0999703 -0.392152 -0.085548
0.234125 -0.366496 -0.0995189
-0.0735464 0.09655 -0.00739281
0.28715 -0.116077 -0.0491734
-0.131349 -0.191955 -0.0274258
-0.0780205 -0.41337 -0.0927854
-0.147666 -0.365504 -0.0809779
0.129049 -0.406617 -0.0955613
-0.41793 -0.101831 -0.0972459
-0.193123 -0.316415 -0.0712454
-0.235629 -0.166477 -0.0425219
0.0211323 -0.394164 -0.0812029
-0.0365741 -0.383047 -0.0769954
0.0185964 -0.0350834 -0.000788648
0.0384233 -0.366571 -0.0704036
-0.411536 -0.14017 -0.0994499
-0.307979 -0.0700763 -0.0511911
-0.352228 -0.129478 -0.0730852
-0.278998 0.0688068 -0.0421766
-0.0628805 0.375434 -0.0752863
-0.311217 -0.0214976 -0.0499042
0.223614 -0.200097 -0.0460828
-0.219145 -0.0992081 -0.0293645
0.337276 0.0179692 -0.0587656
-0.110069 -0.404413 -0.0920709
-0.241852 0.119908 -0.0371244
-0.227582 -0.121731 -0.0338799
-0.222503 -0.120925 -0.0325965
-0.369515 0.0556534 -0.0724435
0.195343 -0.365843 -0.0900551
-0.241536 -0.127666 -0.0380427
0.219296 0.0785892 -0.027512
0.229017 -0.147865 -0.0378735
-0.405996 0.110337 -0.0928103
-0.30434 0.251285 -0.0811783
0.458793 -0.0761272 -0.114724
0.276034 -0.126405 -0.0472004
0.0866742 -0.419091 -0.0962023
0.250124 -0.162661 -0.0455477
0.096278 -0.387252 -0.0830666
0.465664 -0.0138718 -0.115147
0.244471 -0.214976 -0.054474
0.242897 0.289516 -0.074159
-0.146701 -0.0352913 -0.0114489
0.255141 0.0877599 -0.0370871
-0.236456 -0.0747922 -0.0312407
-0.179903 -0.188115 -0.0344703
-0.211664 0.216203 -0.0468711
0.0515569 -0.119638 -0.00852203
0.157329 -0.0155793 -0.0125767
-0.0631533 -0.0986346 -0.00688225
-0.0251942 -0.219902 -0.0248034
0.10491 -0.384267 -0.082758
-0.382464 0.0896923 -0.0803934
0.22436 -0.135342 -0.0349378
-0.205412 -0.386496 -0.100874
-0.0641785 -0.0262699 -0.00240739
0.358579 0.00291787 -0.0665053
0.156997 -0.114766 -0.0190919
0.167763 -0.294476 -0.0591815
0.23898 0.112745 -0.0355431
0.148076 -0.0781364 -0.0141156
0.167652 -0.231593 -0.0417425
-0.267266 0.0337543 -0.0369686
-0.110927 -0.409526 -0.0944704
-0.218633 0.0991114 -0.0292393
0.306871 -0.218937 -0.0737727
-0.00203903 -0.433886 -0.0990345
-0.124112 -0.210014 -0.0302112
0.202469 -0.185235 -0.0383897
-0.277879 -0.0699389 -0.0419334
0.116498 -0.385831 -0.0848155
-0.202204 -0.177858 -0.0369422
-0.0449236 0.0359892 -0.00165805
0.398963 -0.0271432 -0.0834348
0.0260774 -0.436721 -0.100781
-0.0446133 0.366259 -0.070557
-0.427921 0.0826287 -0.0999689
-0.0444873 -0.0776868 -0.00401524
0.201959 -0.0944734 -0.0251731
-0.0192663 -0.428977 -0.0968902
0.447042 0.00140193 -0.105488
0.0448523 -0.427151 -0.0969328
-0.303881 -0.109162 -0.0535645
-0.185945 -0.221602 -0.0427555
0.279835 0.278974 -0.0813783
0.281979 -0.206724 -0.0631151
0.358473 -0.312051 -0.120158
0.013972 -0.259631 -0.0343932
-0.37208 -0.0678666 -0.0742838
-0.439836 -0.171838 -0.118515
0.0112421 -0.417832 -0.0915454
-0.0511221 -0.140067 -0.0111785
0.133007 0.354487 -0.0744471
0.135017 -0.400822 -0.0938474
0.307198 -0.0779408 -0.0515515
0.0333382 0.410671 -0.0888263
0.46623 0.0344906 -0.116009
0.472852 -0.00359676 -0.118865
0.338768 -0.212476 -0.0834356
-0.362624 0.0607376 -0.0700458
-0.358051 0.113378 -0.0732071
0.170133 0.10568 -0.020262
-0.457986 0.100069 -0.116691
-0.356635 -0.0285212 -0.0661916
-0.265456 0.141153 -0.0462658
-0.368995 -0.194495 -0.0911464
-0.213759 -0.137808 -0.0328826
-0.302544 0.0896071 -0.0510861
-0.180987 -0.229173 -0.0435883
-0.197154 -0.0718069 -0.0222606
-0.206173 0.0641552 -0.0235898
0.175173 -0.222352 -0.0408992
0.314309 0.0815787 -0.0541911
0.0578269 0.0852935 -0.00532363
-0.1716 -0.210833 -0.0376576
-0.226203 -0.11898 -0.0332137
0.318633 -0.198069 -0.073047
0.0500061 -0.206864 -0.0229091
-0.313997 -0.195123 -0.0708429
0.169085 -0.185219 -0.0319584
-0.128364 0.0699756 -0.0107447
-0.325752 0.11061 -0.0610374
0.388586 0.0952562 -0.0835244
-0.280513 -0.168413 -0.05504
-0.261008 0.312802 -0.0867476
-0.172014 0.328773 -0.0713884
0.242745 -0.157634 -0.042803
0.356074 0.10017 -0.0709265
0.293445 0.0478747 -0.0452237
-0.140651 0.104515 -0.0154727
0.065505 -0.10322 -0.00750076
0.187103 0.0806356 -0.0209748
0.437247 -0.109792 -0.107385
0.444453 0.0983516 -0.109613
-0.00435099 -0.0296338 -0.000448646
-0.40762 -0.0322446 -0.0874178
-0.072767 -0.0328422 -0.00319192
0.3649 -0.0283103 -0.0693836
0.188551 0.0323342 -0.0184689
0.381791 0.109272 -0.0822334
