36.9 0 0 4.83429e-15 78.95 0 4.83429e-15 4.83429e-15 78.95
-0.349375 -0.700438 -0.377646
0.0850553 -0.740432 -0.333273
-0.342193 -0.695593 -0.368292
-0.148352 -0.730642 -0.333551
-0.483522 -0.635588 -0.398141
0.400173 -0.664742 -0.369144
-0.0647988 -0.721525 -0.310651
-0.0265121 -0.717926 -0.304386
0.0937455 -0.699796 -0.291835
-0.430265 -0.630924 -0.354394
0.0293569 -0.697461 -0.283979
0.280991 -0.667809 -0.310743
-0.389341 -0.633652 -0.331495
-0.0557785 -0.680959 -0.269806
0.128648 -0.664865 -0.264198
-0.175784 -0.656845 -0.266751
-0.270108 -0.637705 -0.278631
-0.000285862 -0.659969 -0.248708
0.145691 -0.646438 -0.251073
0.440871 -0.582848 -0.317416
-0.152075 -0.635191 -0.242764
0.130943 -0.627741 -0.23267
-0.173469 -0.62065 -0.235342
0.576328 -0.514099 -0.364746
0.463597 -0.555675 -0.309853
-0.267706 -0.601328 -0.24718
0.359987 -0.578427 -0.267995
-0.194653 -0.605343 -0.228203
-0.0894429 -0.610885 -0.213349
0.116107 -0.608984 -0.215362
-0.0506011 -0.607965 -0.20765
-0.350768 -0.568008 -0.255468
0.484574 -0.528086 -0.302639
-0.111047 -0.596227 -0.204902
-0.504157 -0.514802 -0.306599
-0.0721643 -0.593185 -0.198175
-0.0338872 -0.589799 -0.193161
-0.153542 -0.566252 -0.190196
-0.355014 -0.535701 -0.233847
-0.219918 -0.557918 -0.199773
0.230372 -0.552359 -0.198858
0.129182 -0.558631 -0.180706
0.0972503 -0.557953 -0.175845
0.0650726 -0.557065 -0.172084
-0.0381466 -0.557538 -0.170726
0.346576 -0.522371 -0.220889
0.0325678 -0.555332 -0.169009
-0.467663 -0.485538 -0.26139
-0.0594434 -0.544349 -0.16325
0.357454 -0.508346 -0.216539
-0.157611 -0.533495 -0.169011
-0.427013 -0.488147 -0.238835
-0.393165 -0.49592 -0.225736
0.226918 -0.520201 -0.176653
0.331975 -0.503454 -0.202299
0.368553 -0.494659 -0.212929
-0.251968 -0.514465 -0.180343
0.125661 -0.526221 -0.158988
0.0932156 -0.526698 -0.155074
-0.122981 -0.497895 -0.141527
0.223942 -0.487305 -0.155972
-0.190243 -0.49008 -0.149336
0.329123 -0.470875 -0.181492
0.468679 -0.439739 -0.233861
-0.0842906 -0.495027 -0.135221
0.365571 -0.461994 -0.191966
0.0904805 -0.492588 -0.134454
0.234819 -0.474836 -0.151831
0.16568 -0.48123 -0.139205
0.133395 -0.480918 -0.133441
-0.346057 -0.452284 -0.178
-0.381026 -0.445753 -0.189986
-0.172533 -0.471967 -0.135431
0.0368797 -0.477074 -0.121911
0.177002 -0.467747 -0.134042
0.350604 -0.443318 -0.175048
0.455025 -0.42132 -0.215499
0.187412 -0.455131 -0.129522
-0.154828 -0.45427 -0.122693
-0.116476 -0.45162 -0.115425
-0.356557 -0.423453 -0.167201
-0.390924 -0.416568 -0.179238
-0.424929 -0.409219 -0.19255
-0.0774301 -0.448599 -0.109627
-0.249299 -0.435179 -0.134859
0.440703 -0.402712 -0.197751
0.097717 -0.446204 -0.11042
-0.27721 -0.424436 -0.13802
0.14056 -0.433597 -0.109923
0.108406 -0.432724 -0.105015
-0.0276225 -0.433016 -0.0990372
0.0761673 -0.431503 -0.10111
-0.000411904 -0.433777 -0.0989798
-0.33995 -0.406325 -0.151864
-0.165846 -0.425987 -0.110601
-0.232327 -0.417294 -0.121428
0.151737 -0.420216 -0.105353
0.252266 -0.413088 -0.124946
-0.0891464 -0.420831 -0.0972519
0.0856099 -0.41914 -0.0961237
-0.0472 -0.416975 -0.0923086
0.0541584 -0.41772 -0.0930397
0.022732 -0.415568 -0.0907218
0.195464 -0.40643 -0.107471
0.162256 -0.407178 -0.101179
0.400297 -0.379044 -0.165681
0.300802 -0.391715 -0.130473
-0.109132 -0.40523 -0.0923221
-0.349849 -0.377697 -0.142707
-0.176543 -0.39731 -0.0994571
0.374466 -0.374117 -0.151583
0.0323774 -0.402783 -0.0852773
-0.418333 -0.362985 -0.16739
-0.383858 -0.370126 -0.154033
0.476802 -0.35133 -0.194254
-0.452655 -0.355894 -0.182417
0.409211 -0.364494 -0.163525
0.311018 -0.377039 -0.127584
-0.556543 -0.328164 -0.236739
0.347971 -0.368467 -0.13794
0.548956 -0.328237 -0.231295
-0.0596973 -0.388386 -0.0804389
0.0118432 -0.387325 -0.0781329
0.183933 -0.379524 -0.0932863
-0.119869 -0.376225 -0.0812582
-0.580042 -0.307537 -0.245698
-0.1862 -0.367959 -0.0889921
-0.435473 -0.338241 -0.16576
0.0220494 -0.374884 -0.0731904
0.461386 -0.332325 -0.177393
-0.0090668 -0.372153 -0.0718729
0.19506 -0.365964 -0.0900429
-0.101627 -0.368937 -0.0761182
-0.21439 -0.357157 -0.0908929
0.436631 -0.327539 -0.162103
-0.315391 -0.342756 -0.115101
-0.0698955 -0.359586 -0.0695094
0.0870553 -0.359107 -0.0707725
-0.60309 -0.286435 -0.255529
0.000987791 -0.359015 -0.0666685
0.20613 -0.351824 -0.0869117
-0.350879 -0.335433 -0.125718
0.275297 -0.343509 -0.102106
-0.242161 -0.346222 -0.0936399
-0.105318 -0.353762 -0.0706128
0.411727 -0.322683 -0.147734
-0.269871 -0.335033 -0.0972694
0.349018 -0.326989 -0.121783
-0.633075 -0.269892 -0.274484
0.217219 -0.337199 -0.083969
0.385731 -0.317542 -0.133756
-0.0197195 -0.343287 -0.0609765
-0.157851 -0.336703 -0.0717142
0.0522708 -0.340748 -0.0612996
0.322519 -0.32083 -0.109467
0.519162 -0.290541 -0.196223
-0.119011 -0.333638 -0.0648413
-0.661958 -0.252634 -0.294318
-0.332924 -0.316939 -0.111906
0.359011 -0.312178 -0.120423
-0.0798848 -0.331308 -0.059865
0.227569 -0.323503 -0.0815459
-0.509497 -0.285141 -0.188145
-0.00884069 -0.329748 -0.0559726
-0.468862 -0.288289 -0.1651
-0.0321839 -0.325123 -0.054876
-0.0489023 -0.321558 -0.0543737
-0.0699398 -0.317398 -0.0542904
0.437905 -0.285277 -0.147441
0.00133236 -0.31621 -0.0513116
-0.31452 -0.298803 -0.0990038
0.206662 -0.309417 -0.0718016
0.535459 -0.267097 -0.198787
0.276115 -0.301324 -0.0873313
-0.24221 -0.303458 -0.0784538
-0.057839 -0.312425 -0.0518201
0.0237481 -0.311575 -0.0500753
0.412331 -0.280229 -0.133135
-0.058293 -0.303634 -0.0489963
-0.45235 -0.270968 -0.15032
0.349793 -0.284513 -0.107421
-0.269143 -0.292041 -0.0822451
0.0116634 -0.303414 -0.0472124
0.118379 -0.299784 -0.053366
-0.157435 -0.294693 -0.0574659
-0.150623 -0.296247 -0.05684
0.385583 -0.27489 -0.119227
-0.118519 -0.291707 -0.0508635
0.048796 -0.294367 -0.0455541
0.322867 -0.278225 -0.0953743
0.550924 -0.243541 -0.20177
-0.331653 -0.274341 -0.0973685
-0.185215 -0.282837 -0.0588844
0.519149 -0.248124 -0.182126
-0.00809419 -0.287133 -0.0421435
-0.182356 -0.28253 -0.0582339
0.196861 -0.28115 -0.0607449
-0.508872 -0.242397 -0.17399
0.265799 -0.273161 -0.0754817
-0.253326 -0.273431 -0.0720661
-0.287649 -0.267931 -0.0805048
-0.108785 -0.277629 -0.0454906
-0.213036 -0.271771 -0.0615139
-0.0595195 -0.2783 -0.0413516
0.46232 -0.247526 -0.148536
-0.0687408 -0.274806 -0.0409606
0.0336321 -0.274785 -0.0390828
0.00288109 -0.273003 -0.037991
-0.579357 -0.222675 -0.215933
0.20718 -0.265918 -0.0585309
-0.241076 -0.261125 -0.0652829
0.437016 -0.24257 -0.133872
0.276262 -0.258469 -0.0743257
0.595569 -0.215256 -0.226074
-0.265053 -0.256537 -0.0705186
-0.348452 -0.249492 -0.0964876
0.565544 -0.219828 -0.205119
-0.0391809 -0.264953 -0.036535
0.534334 -0.224382 -0.185052
-0.2049 -0.257736 -0.0557606
0.312857 -0.249719 -0.0836155
-0.0587925 -0.260672 -0.0363644
-0.532286 -0.221592 -0.182951
0.0136441 -0.259445 -0.0343384
-0.417558 -0.235372 -0.122364
-0.0942227 -0.258311 -0.0385441
-0.451606 -0.228472 -0.137531
0.186307 -0.251427 -0.0502241
-0.230159 -0.247124 -0.0587472
-0.212645 -0.24977 -0.0553323
-0.109206 -0.254014 -0.0389844
0.478315 -0.22396 -0.150849
0.153342 -0.251342 -0.0443258
0.255543 -0.244168 -0.0645428
-0.236058 -0.244522 -0.0595292
-0.127768 -0.247811 -0.0396537
-0.0471166 -0.247599 -0.0322838
0.0561001 -0.247577 -0.0327573
-0.457131 -0.219272 -0.138054
-0.33137 -0.232617 -0.0856241
0.0247945 -0.24548 -0.0309156
0.0591658 -0.246035 -0.0325467
-0.258069 -0.23603 -0.0631489
-0.365323 -0.224471 -0.0965887
0.164927 -0.236834 -0.0425509
0.579757 -0.196242 -0.209196
-0.145255 -0.237424 -0.0395154
-0.399548 -0.21731 -0.109417
-0.168102 -0.23519 -0.0426979
0.132406 -0.235413 -0.0371659
0.203533 -0.232383 -0.0489099
0.427822 -0.214165 -0.121876
-0.434281 -0.21116 -0.124322
0.104563 -0.233967 -0.0333945
0.0672651 -0.233735 -0.0300293
0.366112 -0.218191 -0.0953705
0.133636 -0.230684 -0.0361917
0.302363 -0.220998 -0.0727804
0.0354809 -0.231949 -0.0279194
0.246622 -0.224992 -0.0573674
0.644839 -0.177157 -0.256496
-0.320739 -0.217841 -0.0782235
-0.134912 -0.223859 -0.0347614
0.401386 -0.208714 -0.108188
0.174741 -0.222942 -0.0409575
0.241273 -0.220254 -0.0548675
0.339024 -0.212456 -0.0835258
0.300801 -0.21509 -0.0708848
0.143529 -0.221279 -0.0354094
0.111195 -0.220735 -0.0310254
-0.201641 -0.215951 -0.0446434
0.244461 -0.21467 -0.0544018
0.469115 -0.195623 -0.138801
0.0788624 -0.218975 -0.0274618
-0.275525 -0.211245 -0.0622038
-0.0251197 -0.220148 -0.0248571
-0.53891 -0.183203 -0.1778
-0.163191 -0.212651 -0.0365955
0.281998 -0.206767 -0.0631304
-0.171682 -0.210847 -0.0376752
-0.45731 -0.18947 -0.131111
-0.124401 -0.210085 -0.0302637
0.443878 -0.1905 -0.124396
-0.251637 -0.204337 -0.0539952
-0.084951 -0.207225 -0.0254021
0.318357 -0.198153 -0.0729703
0.26621 -0.200208 -0.0571061
-0.0141798 -0.20614 -0.0215801
0.223841 -0.200184 -0.0461544
0.260975 -0.199902 -0.055579
-0.336849 -0.192823 -0.0783971
-0.190767 -0.201542 -0.0392769
0.508732 -0.176514 -0.157364
0.540533 -0.172359 -0.176522
-0.157118 -0.201496 -0.0331943
0.601157 -0.162736 -0.217614
0.355467 -0.189235 -0.0846677
-0.113461 -0.196271 -0.0260368
-0.218548 -0.190705 -0.0429899
0.48399 -0.17196 -0.141989
-0.561492 -0.161676 -0.188466
0.391007 -0.180125 -0.0974099
-0.291534 -0.186047 -0.0617067
-0.00263458 -0.191835 -0.0185764
-0.179814 -0.188521 -0.0345329
-0.439611 -0.171391 -0.118316
0.20251 -0.185429 -0.0384358
0.45926 -0.166881 -0.127515
0.202495 -0.180006 -0.0374027
0.27091 -0.177395 -0.0538824
0.237193 -0.17761 -0.0449113
-0.281141 -0.172579 -0.0559788
-0.208146 -0.176481 -0.0379554
-0.592131 -0.14506 -0.207322
0.433423 -0.16178 -0.113449
0.30839 -0.168893 -0.0638532
-0.38846 -0.161905 -0.0928694
0.180872 -0.170053 -0.0313064
-0.235678 -0.166169 -0.0424804
0.14829 -0.169724 -0.025729
0.40665 -0.156575 -0.0999334
-0.50526 -0.147537 -0.149738
-0.308787 -0.162178 -0.0627974
0.250337 -0.162737 -0.0456164
0.344466 -0.160144 -0.0749611
0.116071 -0.168093 -0.0210863
-0.196201 -0.163465 -0.0331574
0.0516559 -0.165695 -0.0151767
-0.343441 -0.154325 -0.0735919
0.473778 -0.143401 -0.13111
0.242833 -0.15755 -0.0428113
0.244812 -0.152249 -0.0424576
-0.297846 -0.147506 -0.0568511
-0.224306 -0.151803 -0.0373771
0.127227 -0.154015 -0.0201567
-0.411698 -0.140091 -0.0995118
0.448129 -0.138177 -0.116774
0.0946093 -0.153075 -0.0163247
0.229105 -0.147991 -0.037914
-0.526923 -0.126607 -0.15957
0.209987 -0.144939 -0.0330986
-0.273012 -0.142409 -0.0485883
0.42197 -0.132932 -0.103189
0.360854 -0.136613 -0.0774377
-0.252088 -0.140988 -0.0426212
-0.214435 -0.138033 -0.0330643
-0.0691356 -0.140585 -0.0123482
0.574966 -0.115679 -0.190042
0.00215008 -0.13973 -0.00981263
0.604235 -0.110549 -0.2109
0.207353 -0.132702 -0.0307761
-0.241568 -0.127404 -0.038016
-0.250465 -0.126735 -0.0402053
0.462626 -0.114459 -0.120866
-0.204294 -0.125378 -0.0291528
0.639963 -0.0964022 -0.237666
-0.20277 -0.12208 -0.0284133
-0.348627 -0.115301 -0.0698576
0.312426 -0.11663 -0.0572447
-0.226285 -0.118913 -0.0332247
0.376324 -0.113063 -0.0804366
-0.230108 -0.112943 -0.033411
0.154029 -0.116804 -0.018862
-0.382885 -0.108196 -0.0825621
-0.267935 -0.111958 -0.0430902
-0.303453 -0.108768 -0.053382
-0.0122356 -0.113309 -0.0065156
-0.417712 -0.101612 -0.0971203
0.223161 -0.109067 -0.0313393
-0.308265 -0.105261 -0.0545409
0.291557 -0.101478 -0.0488445
-0.272189 -0.102376 -0.0432177
0.41716 -0.0943469 -0.0960774
-0.219247 -0.0992175 -0.0293886
-0.0747288 -0.101978 -0.00802418
-0.00454593 -0.100715 -0.00509506
-0.321777 -0.0948778 -0.0579503
0.509097 -0.0864329 -0.143642
-0.292763 -0.094701 -0.0485162
0.327997 -0.0928379 -0.0598942
0.391042 -0.0894994 -0.0839891
0.00995374 -0.0955559 -0.00462571
0.540739 -0.0812143 -0.16274
0.484385 -0.0810119 -0.128904
-0.440655 -0.0802908 -0.105921
0.270337 -0.0864902 -0.041127
-0.482461 -0.0771001 -0.127482
-0.208454 -0.0853897 -0.0257025
-0.562049 -0.0705152 -0.175908
0.458854 -0.0760631 -0.11475
0.06662 -0.0828956 -0.00567104
0.307301 -0.0778511 -0.0515775
-0.0914637 -0.0770349 -0.00717574
0.148036 -0.078066 -0.0141039
0.370425 -0.0740723 -0.074096
-0.235805 -0.0747858 -0.0310816
0.432394 -0.0709873 -0.101114
-0.645716 -0.0588234 -0.238691
-0.310143 -0.0698211 -0.0518776
-0.269695 -0.0706914 -0.0396525
0.248742 -0.0717592 -0.0340922
-0.197228 -0.071851 -0.0222788
-0.158235 -0.0722499 -0.0152453
0.1115 -0.0725987 -0.00889091
0.244378 -0.0708915 -0.0329149
0.0188631 -0.0727933 -0.00283135
0.123659 -0.0722475 -0.0103088
-0.288936 -0.0341099 -0.0432593
0.215493 -0.0344095 -0.024101
0.426636 -0.0317595 -0.0961343
0.322609 -0.0296435 -0.053932
-0.276868 -0.0293123 -0.0395392
0.399013 -0.0267884 -0.0834463
-0.476141 -0.0246843 -0.120978
-0.516814 -0.0216441 -0.144176
-0.0509184 -0.0246271 -0.00160087
-0.390507 -0.0211682 -0.0796435
0.547648 -0.019339 -0.163515
-0.311118 -0.0215872 -0.0498739
0.491376 -0.0189544 -0.129259
0.270307 -0.0191211 -0.0374157
0.219788 -0.017557 -0.0246103
0.18922 -0.0161551 -0.0181982
0.31571 -0.0155592 -0.0512717
0.523881 -0.0142975 -0.148328
0.157305 -0.0155203 -0.0125719
0.216112 -0.0149521 -0.0237459
0.465905 -0.0138287 -0.115273
0.0924576 -0.0125919 -0.004363
0.226563 -0.00782263 -0.0260349
0.472867 -0.00352451 -0.118873
0.08832 0.00166011 -0.00390923
0.446977 0.00166624 -0.105456
0.358581 0.00309619 -0.0665064
0.204447 0.00690025 -0.0211466
0.419884 0.00637106 -0.0924444
0.172825 0.00863183 -0.0150853
0.470962 0.011467 -0.117921
-0.622667 0.0114529 -0.217596
-0.57667 0.0120491 -0.183111
-0.204947 0.0157531 -0.0213538
-0.165618 0.0186548 -0.0139865
-0.277791 0.020157 -0.0395699
0.337271 0.0181269 -0.0587668
0.399968 0.0217391 -0.0837288
0.279038 0.0249033 -0.0400429
-0.478266 0.0239834 -0.122112
0.517046 0.0239574 -0.144377
-0.658575 0.0243734 -0.24788
0.188482 0.0323402 -0.018456
0.492083 0.0295884 -0.129955
-0.26725 0.0337707 -0.0369646
0.315862 0.0331832 -0.0517755
-0.0449263 0.0361851 -0.00166525
0.548708 0.0292426 -0.164497
-0.425857 0.034617 -0.0958718
0.256787 0.0395238 -0.0343406
0.466051 0.0345046 -0.115915
-0.256081 0.0473483 -0.0345048
0.293421 0.0479366 -0.0452192
0.0432087 0.0519579 -0.00228592
-0.549014 0.0438059 -0.165336
-0.415348 0.0484333 -0.0916277
-0.290591 0.0547015 -0.0447175
0.203468 0.0556964 -0.0225038
0.0149732 0.0578962 -0.00178968
-0.100316 0.0586005 -0.00677159
-0.206187 0.0643009 -0.0236024
-0.490981 0.0582378 -0.130779
-0.404642 0.0623087 -0.0876499
-0.166921 0.0672667 -0.016327
0.641397 0.0528119 -0.23461
-0.279022 0.0688567 -0.0421872
-0.128305 0.0700158 -0.0107399
0.336163 0.0664746 -0.060545
-0.577535 0.0607801 -0.1859
0.0365055 0.0744271 -0.00344195
0.398684 0.0702613 -0.0856069
-0.438967 0.0689805 -0.104149
0.540742 0.0674066 -0.161517
0.696823 0.0579071 -0.285098
-0.478896 0.0725272 -0.125129
0.18709 0.0806375 -0.0209725
0.647292 0.0622948 -0.240308
-0.393764 0.0761533 -0.0839483
-0.268434 0.0824533 -0.0402372
0.0575962 0.0854314 -0.00532209
0.51609 0.0725438 -0.146543
0.31426 0.0815111 -0.0541687
-0.0427891 0.0891919 -0.00490508
0.283434 0.086021 -0.044874
0.490877 0.078013 -0.132271
0.255108 0.0878025 -0.0370823
-0.302479 0.0896589 -0.0510701
0.207458 0.0912295 -0.0260193
0.464667 0.0829381 -0.118407
0.547385 0.0776541 -0.16673
-0.0374715 0.0945078 -0.00518134
-0.468541 0.0864195 -0.120795
-0.00291542 0.0980969 -0.0048274
-0.382866 0.0902719 -0.0806171
0.437346 0.0883437 -0.105057
0.260156 0.097055 -0.0393237
-0.218562 0.0990866 -0.0292207
-0.334944 0.0959215 -0.0626571
-0.259954 0.0986584 -0.0394321
-0.179526 0.101804 -0.0215285
-0.416992 0.0967216 -0.0962508
-0.140536 0.104646 -0.0154703
0.356047 0.100224 -0.0709221
0.17036 0.105671 -0.0203004
0.0730276 0.109095 -0.00865478
0.249616 0.106334 -0.0375111
0.444501 0.0985885 -0.109663
0.297678 0.106436 -0.0512856
-0.371338 0.103889 -0.0773326
-0.45801 0.100222 -0.116721
0.00960469 0.112607 -0.00640685
0.41711 0.103072 -0.0970074
0.238806 0.112802 -0.0355065
0.0128347 0.121281 -0.00746482
-0.325674 0.110731 -0.0610246
0.333775 0.114964 -0.0643839
-0.281238 0.117731 -0.0476113
-0.241871 0.120084 -0.0371511
-0.461124 0.110945 -0.119628
-0.538685 0.106279 -0.164223
-0.360063 0.117809 -0.0745404
0.423363 0.113713 -0.101205
0.275441 0.121276 -0.0463627
0.395917 0.118308 -0.0893669
-0.315163 0.12431 -0.0591389
-0.0859686 0.1312 -0.0123786
0.152796 0.130282 -0.0203675
0.120475 0.131531 -0.016036
-0.632092 0.104568 -0.232194
0.311058 0.130809 -0.0586543
-0.230626 0.134037 -0.0362336
-0.191607 0.136892 -0.0281216
-0.152659 0.139753 -0.0216522
0.221944 0.137605 -0.034699
0.374387 0.133194 -0.0823434
-0.265422 0.14089 -0.0462173
0.0285252 0.145493 -0.0110521
0.253588 0.141307 -0.0430646
0.317921 0.140285 -0.0623186
0.175167 0.145761 -0.026311
0.228423 0.146263 -0.0374878
0.258943 0.146155 -0.0452291
-0.13482 0.150816 -0.0206747
0.519323 0.130897 -0.155506
-0.424541 0.141643 -0.105739
0.467618 0.141217 -0.127423
-0.254092 0.155045 -0.0453281
0.225611 0.156686 -0.0384653
-0.215734 0.157695 -0.0363656
0.550081 0.135439 -0.175944
-0.138391 0.163324 -0.023182
0.205351 0.162555 -0.0349057
0.173568 0.164059 -0.0289393
-0.0982268 0.166384 -0.0188437
-0.288394 0.162048 -0.0563002
0.0762878 0.167466 -0.0170782
-0.0600037 0.169702 -0.016333
0.358978 0.158381 -0.0801902
-0.413442 0.155704 -0.102881
-0.603939 0.136166 -0.214687
0.473603 0.151674 -0.13242
-0.657489 0.131005 -0.258012
-0.203989 0.171672 -0.0361965
0.4473 0.156452 -0.119406
0.241689 0.171027 -0.0448371
-0.164921 0.174524 -0.0292568
-0.139341 0.176369 -0.0255882
0.41911 0.161276 -0.106503
-0.322976 0.169047 -0.0688127
-0.546663 0.150993 -0.176374
0.0157878 0.179823 -0.0164278
0.240208 0.17747 -0.0456393
-0.277347 0.176009 -0.0554897
-0.402168 0.169601 -0.10028
-0.357072 0.17621 -0.0826944
0.425983 0.171464 -0.111666
-0.0827428 0.18981 -0.021672
-0.311889 0.183037 -0.0676787
0.342493 0.183575 -0.0785888
0.0346586 0.196296 -0.020068
0.284382 0.190161 -0.0603376
-0.227146 0.192969 -0.0454489
-0.188605 0.195524 -0.0376079
0.590282 0.160377 -0.208896
-0.149496 0.198464 -0.0313604
0.193605 0.197565 -0.0390185
-0.346213 0.190148 -0.0813162
-0.0400352 0.201794 -0.0213906
0.0638353 0.202263 -0.0227515
0.186944 0.199129 -0.0380232
0.404224 0.186304 -0.104515
-0.261919 0.199529 -0.0557613
-0.432914 0.1863 -0.118026
0.247778 0.200289 -0.0521126
0.618012 0.164045 -0.231137
0.230635 0.206352 -0.0490918
-0.0669853 0.213848 -0.0254323
0.0269992 0.216645 -0.0241229
0.381883 0.201223 -0.0979606
-0.421266 0.200334 -0.115466
0.325766 0.208516 -0.0778297
-0.211983 0.216535 -0.0470174
-0.172932 0.218929 -0.0397058
0.26702 0.214369 -0.0604542
-0.134017 0.222097 -0.0342296
-0.331122 0.213702 -0.0809302
0.152638 0.226391 -0.0379975
0.388392 0.211684 -0.103149
-0.410542 0.214192 -0.113672
0.148948 0.233192 -0.0390442
0.181319 0.232362 -0.0444208
-0.364563 0.22085 -0.0953902
0.0517679 0.237316 -0.0299477
0.214331 0.231117 -0.0509757
-0.319565 0.227653 -0.080189
0.112829 0.23937 -0.0356496
-0.451397 0.217197 -0.134514
0.365123 0.226143 -0.0969247
-0.196216 0.239864 -0.0492296
0.308437 0.232783 -0.0776775
-0.235025 0.237645 -0.0575097
-0.157428 0.242534 -0.0427155
-0.0705992 0.244357 -0.0328881
0.218937 0.240388 -0.0543361
-0.118115 0.246054 -0.0379678
0.0237844 0.248306 -0.0316104
-0.0449746 0.25002 -0.0328044
-0.269514 0.244215 -0.0684844
0.131284 0.252149 -0.0412584
0.371568 0.236531 -0.102231
-0.439533 0.230955 -0.131973
0.255161 0.249586 -0.0658694
-0.589727 0.208369 -0.21974
-0.0751437 0.257859 -0.0367441
-0.00416114 0.259134 -0.0341677
0.5355 0.218259 -0.184155
0.510773 0.223634 -0.16988
-0.304206 0.25119 -0.0811081
0.458092 0.233883 -0.142416
-0.0657615 0.263688 -0.0376361
-0.480717 0.234251 -0.154993
-0.18062 0.263559 -0.0524174
-0.141652 0.266551 -0.0466451
0.10429 0.269613 -0.0426952
0.168515 0.266471 -0.0510028
-0.0318056 0.270422 -0.0377835
0.136579 0.268365 -0.046414
-0.429082 0.244773 -0.130532
0.0719481 0.270457 -0.0399601
-0.383517 0.251678 -0.111421
-0.579376 0.22241 -0.215872
-0.337911 0.258378 -0.0949821
0.0294451 0.274573 -0.0388847
0.463701 0.243869 -0.148232
0.490263 0.239248 -0.161905
-0.52072 0.237242 -0.179898
-0.254408 0.267856 -0.0707368
0.354026 0.260813 -0.101867
0.29655 0.267893 -0.0833259
-0.469151 0.248117 -0.152453
0.0439269 0.281674 -0.0414959
0.205981 0.275708 -0.0610872
-0.0584057 0.28256 -0.0425301
0.569752 0.232529 -0.211766
0.495117 0.249639 -0.167811
0.442124 0.258817 -0.141198
0.46905 0.254483 -0.154287
-0.177397 0.284837 -0.0579817
-0.203762 0.284976 -0.0633732
-0.164918 0.287971 -0.0566682
0.24238 0.283655 -0.0722114
0.0160978 0.292879 -0.0439859
-0.238738 0.291327 -0.0736454
0.447149 0.268804 -0.146887
-0.0824345 0.302858 -0.0505361
-0.0117268 0.303663 -0.0472928
0.115842 0.305295 -0.0548145
-0.402514 0.282641 -0.129312
-0.356523 0.289234 -0.111611
-0.603449 0.248843 -0.242421
-0.311228 0.296511 -0.0971054
0.283442 0.30192 -0.0897778
0.341589 0.295405 -0.107782
-0.187416 0.308985 -0.0675819
-0.147969 0.311353 -0.0612965
0.0962997 0.313665 -0.0553623
0.12877 0.312871 -0.0589741
0.161018 0.311141 -0.0633761
0.0646584 0.316077 -0.0534724
-0.443425 0.285461 -0.150361
0.0505071 0.318095 -0.0532876
-0.22299 0.315273 -0.0775695
-0.105859 0.324079 -0.0599114
0.347066 0.306107 -0.113522
0.43031 0.293605 -0.146402
0.457196 0.289442 -0.159051
-0.592908 0.262843 -0.238834
-0.534562 0.277701 -0.201798
-0.387092 0.306061 -0.130238
-0.341493 0.312808 -0.113697
-0.295551 0.320236 -0.0999454
-0.0621336 0.336691 -0.060437
0.234399 0.327972 -0.0848543
0.435409 0.304074 -0.152676
0.0444934 0.339174 -0.0603292
-0.472023 0.302409 -0.171904
-0.167992 0.341813 -0.0753688
-0.206951 0.339762 -0.08254
-0.129158 0.345426 -0.0704844
0.412369 0.318115 -0.146329
-0.416835 0.323389 -0.15049
-0.241868 0.346047 -0.0934951
-0.0150192 0.358083 -0.066431
-0.279469 0.34371 -0.103473
-0.085285 0.357983 -0.0701748
0.275712 0.346543 -0.1034
0.333364 0.339758 -0.12055
-0.276278 0.35301 -0.106102
-0.560179 0.30475 -0.229722
0.0930612 0.36798 -0.0748352
0.125757 0.367445 -0.0784963
0.157752 0.365409 -0.0826175
0.280446 0.356269 -0.108696
0.422499 0.337975 -0.159008
0.577383 0.306733 -0.243334
-0.310097 0.360173 -0.120162
-0.186912 0.372361 -0.0909283
-0.147859 0.375124 -0.0848936
-0.038514 0.379111 -0.0754508
0.194644 0.373972 -0.0932152
-0.446283 0.340205 -0.172297
0.0654296 0.379628 -0.0771774
0.285729 0.366974 -0.114738
0.343847 0.360378 -0.13288
0.427141 0.347841 -0.1654
-0.259824 0.376795 -0.11089
-0.10518 0.387538 -0.0841664
0.0375447 0.390264 -0.0800628
0.199695 0.384568 -0.0987623
-0.197441 0.390285 -0.100725
-0.061188 0.400194 -0.0856146
0.56137 0.332244 -0.242057
0.0106654 0.402217 -0.0845178
-0.0471248 0.406606 -0.0876124
0.436405 0.367609 -0.178773
-0.166502 0.40603 -0.101436
-0.205284 0.404218 -0.108671
0.565306 0.34138 -0.249075
-0.521567 0.355527 -0.224392
0.440728 0.37709 -0.185407
-0.240064 0.410396 -0.120259
-0.324196 0.400767 -0.143097
-0.0128842 0.423127 -0.0940211
-0.414799 0.387384 -0.176668
0.245615 0.412904 -0.122969
0.569032 0.350593 -0.256167
-0.568585 0.354074 -0.257475
-0.00909139 0.430511 -0.0974606
-0.0310364 0.456927 -0.111037
0.104189 0.454767 -0.115505
0.135969 0.452985 -0.118912
0.167607 0.450822 -0.123263
0.479349 0.40182 -0.219766
0.505658 0.396503 -0.233779
-0.611968 0.364724 -0.298237
-0.439677 0.414648 -0.203287
0.530819 0.390884 -0.248042
-0.0986931 0.4621 -0.118681
0.0755955 0.463931 -0.11736
0.140596 0.462121 -0.124399
0.172603 0.459993 -0.129015
0.508896 0.405794 -0.240819
0.379925 0.439773 -0.186208
0.0803553 0.474686 -0.123521
0.177549 0.470112 -0.135436
-0.379649 0.445129 -0.188996
-0.423495 0.438413 -0.207254
0.0523877 0.484666 -0.126871
0.384087 0.448645 -0.193033
-0.283776 0.468266 -0.163221
0.182235 0.480507 -0.142152
-0.0451333 0.494601 -0.132053
0.0570374 0.495221 -0.133108
0.388194 0.45807 -0.200327
0.186748 0.490466 -0.148784
-0.0424079 0.505217 -0.13805
-0.190492 0.497251 -0.153564
0.191284 0.499903 -0.155306
-0.31295 0.484937 -0.183362
-0.359182 0.478564 -0.198773
-0.108215 0.512335 -0.14806
-0.403995 0.471817 -0.216305
0.033504 0.515199 -0.143584
0.195787 0.509525 -0.162115
0.423582 0.472574 -0.227179
0.0383165 0.525278 -0.149933
0.344379 0.494579 -0.202006
0.200119 0.51886 -0.168894
-0.444143 0.474886 -0.24025
0.290519 0.510681 -0.1908
0.042909 0.53522 -0.156378
0.293973 0.519809 -0.197891
-0.382898 0.505106 -0.226529
0.208164 0.537602 -0.182901
0.509276 0.475533 -0.282709
-0.334631 0.521801 -0.215305
0.0522097 0.554791 -0.16965
-0.479514 0.487429 -0.270288
-0.050801 0.555463 -0.170012
0.181693 0.549969 -0.184818
-0.283885 0.538298 -0.206499
0.185803 0.55898 -0.191905
-0.420712 0.518374 -0.255493
-0.527285 0.486759 -0.303554
0.126249 0.572478 -0.189858
-0.0376494 0.583486 -0.18875
0.280319 0.560392 -0.220653
0.0982794 0.582838 -0.193377
-0.459 0.520556 -0.280041
0.130657 0.581745 -0.197192
0.162527 0.579425 -0.201344
-0.0332436 0.592769 -0.195314
0.102132 0.591406 -0.20012
-0.18129 0.586575 -0.210656
-0.353859 0.558175 -0.249517
-0.304011 0.574399 -0.239971
0.369978 0.559451 -0.258291
-0.176798 0.59642 -0.21704
-0.350383 0.568285 -0.255497
-0.395079 0.561349 -0.272814
-0.299695 0.584268 -0.245802
-0.295676 0.594344 -0.252116
-0.16768 0.615981 -0.230291
0.238838 0.611828 -0.245929
0.0177976 0.631903 -0.225157
0.0598174 0.650459 -0.242818
0.187959 0.64392 -0.258354
-0.0390074 0.658606 -0.248523
0.278349 0.635752 -0.280041
0.128425 0.656831 -0.256979
0.00212945 0.678198 -0.265124
-0.116447 0.677061 -0.273344
-0.258175 0.672381 -0.306279
0.0429836 0.69553 -0.28279
-0.0942206 0.70218 -0.294263
