36.9 0 0 4.83429e-15 78.95 0 4.83429e-15 4.83429e-15 78.95
-0.0328844 -0.723767 -0.31074
-0.190835 -0.702829 -0.314717
0.136979 -0.688803 -0.28811
-0.100494 -0.688947 -0.282188
0.329057 -0.647621 -0.312753
0.154183 -0.670655 -0.274431
-0.474307 -0.596929 -0.352923
0.266108 -0.650328 -0.288481
0.198017 -0.659298 -0.274662
-0.275889 -0.642957 -0.285513
-0.525746 -0.565726 -0.364748
-0.203502 -0.647451 -0.265566
-0.136888 -0.655285 -0.257125
-0.224506 -0.632314 -0.258531
0.368734 -0.602666 -0.292307
-0.0216067 -0.646407 -0.237313
0.268606 -0.614154 -0.257931
-0.180398 -0.626844 -0.242027
-0.273898 -0.606602 -0.253666
-0.201102 -0.611012 -0.234349
0.142196 -0.615942 -0.225148
-0.391443 -0.566819 -0.275094
-0.0574843 -0.613684 -0.212544
0.0124245 -0.612342 -0.209505
-0.155809 -0.603915 -0.218329
-0.222165 -0.595529 -0.227997
0.369815 -0.56543 -0.262758
0.127097 -0.596787 -0.20773
-0.176879 -0.588467 -0.211064
0.345179 -0.560777 -0.247417
0.381073 -0.551908 -0.258258
0.0305627 -0.59346 -0.195717
0.281816 -0.563682 -0.223571
0.213543 -0.572334 -0.208272
0.39287 -0.538283 -0.25441
-0.59083 -0.471995 -0.345675
-0.361407 -0.541265 -0.240779
0.0799296 -0.576482 -0.186809
-0.22659 -0.563468 -0.205544
0.4819 -0.497665 -0.278819
0.198706 -0.55293 -0.190813
-0.00580147 -0.559541 -0.171218
-0.474199 -0.491007 -0.269214
-0.275519 -0.537122 -0.202761
0.140404 -0.546157 -0.174167
0.108333 -0.545622 -0.169
0.425537 -0.4971 -0.243819
-0.433495 -0.493746 -0.246145
-0.531734 -0.463521 -0.291193
-0.365117 -0.508112 -0.219929
-0.230916 -0.531098 -0.184762
0.0437652 -0.543033 -0.16143
0.252599 -0.52615 -0.18799
0.183409 -0.5334 -0.174261
0.435922 -0.483067 -0.240646
-0.185292 -0.523487 -0.168358
-0.262354 -0.485987 -0.166341
0.433884 -0.45052 -0.219759
-0.495629 -0.433341 -0.247293
-0.290483 -0.475464 -0.169606
-0.151076 -0.487797 -0.140215
-0.217387 -0.479475 -0.149796
-0.353546 -0.457772 -0.184249
-0.113509 -0.486131 -0.133517
0.443325 -0.436053 -0.216852
-0.0740556 -0.482591 -0.12729
-0.13343 -0.469793 -0.127366
0.144645 -0.466967 -0.127635
-0.0947626 -0.466968 -0.120818
0.112036 -0.466963 -0.122849
-0.301245 -0.446798 -0.157609
0.079158 -0.466017 -0.118772
-0.0791285 -0.464234 -0.117829
0.0477936 -0.4641 -0.115508
0.18746 -0.454293 -0.129094
0.256524 -0.446736 -0.142899
0.429067 -0.417425 -0.198964
-0.182696 -0.444262 -0.122929
0.404141 -0.413314 -0.184009
0.198765 -0.440613 -0.124584
0.267533 -0.433001 -0.139223
-0.00600917 -0.447577 -0.105775
-0.311689 -0.418132 -0.146762
0.58345 -0.35778 -0.270905
0.481368 -0.385285 -0.2127
-0.0670585 -0.436171 -0.102638
0.209854 -0.427258 -0.120561
0.278218 -0.418928 -0.135654
-0.0266512 -0.433824 -0.0993966
0.315604 -0.411565 -0.14501
-0.373481 -0.399822 -0.162949
-0.407726 -0.392868 -0.175734
0.389072 -0.393485 -0.167058
-0.193215 -0.415212 -0.11103
0.220288 -0.413958 -0.116761
0.288919 -0.405026 -0.132544
-0.0877891 -0.420758 -0.097085
0.119144 -0.419447 -0.100073
0.326692 -0.397219 -0.142393
-0.0170737 -0.419733 -0.0925129
0.0870601 -0.418242 -0.0958461
0.363345 -0.388469 -0.153199
-0.22257 -0.405029 -0.1132
0.466651 -0.366459 -0.19505
-0.499585 -0.358235 -0.211278
0.398807 -0.379377 -0.165119
0.231647 -0.400277 -0.113367
-0.321592 -0.388649 -0.136559
0.130334 -0.405646 -0.0953099
0.299514 -0.391301 -0.129842
0.0978592 -0.405328 -0.0910815
0.336677 -0.382918 -0.139755
0.06575 -0.403438 -0.0873584
-0.0374784 -0.403736 -0.0858926
-0.563099 -0.334237 -0.244219
0.372994 -0.37437 -0.151046
-0.136969 -0.394393 -0.0913233
0.173105 -0.3928 -0.0968152
0.242743 -0.386196 -0.110096
-0.203581 -0.386361 -0.1004
0.141091 -0.393069 -0.09138
-0.0980469 -0.391709 -0.0851499
0.0757383 -0.390971 -0.0827183
0.0442376 -0.389142 -0.0798851
0.451215 -0.347366 -0.177965
-0.516377 -0.333195 -0.211118
-0.231458 -0.375494 -0.102542
0.184415 -0.378993 -0.0931618
0.253556 -0.371817 -0.106993
-0.400873 -0.346092 -0.151754
-0.366676 -0.353382 -0.139378
0.426776 -0.34274 -0.163106
-0.259402 -0.36452 -0.105664
0.493209 -0.329239 -0.1948
-0.0479291 -0.375649 -0.0744781
0.0231686 -0.373417 -0.0726258
0.195041 -0.365159 -0.0897157
0.263967 -0.357717 -0.104254
-0.287377 -0.354165 -0.110066
-0.147324 -0.365943 -0.0810977
0.301347 -0.35012 -0.113092
-0.17676 -0.355471 -0.0821785
0.0331573 -0.360728 -0.0679185
-0.349316 -0.335378 -0.125071
0.00171139 -0.358672 -0.0665378
0.375126 -0.332621 -0.134758
-0.492559 -0.311145 -0.187243
-0.384013 -0.328677 -0.137153
0.173451 -0.351503 -0.0800214
0.410277 -0.323168 -0.147219
-0.417765 -0.321478 -0.150221
0.311786 -0.335337 -0.11099
0.477267 -0.309828 -0.177672
-0.274731 -0.335993 -0.0990941
0.348509 -0.326764 -0.121497
-0.0590766 -0.346352 -0.0637572
0.579788 -0.282611 -0.235816
0.384328 -0.317909 -0.133267
0.184835 -0.337622 -0.0770441
0.549202 -0.287209 -0.215215
0.254002 -0.330361 -0.090965
0.518023 -0.291451 -0.195818
-0.332112 -0.318057 -0.112001
-0.366678 -0.310661 -0.123052
0.427178 -0.300529 -0.147239
-0.185626 -0.325985 -0.0730282
-0.00789601 -0.331136 -0.0564501
-0.434834 -0.296633 -0.149748
0.196124 -0.32305 -0.0741633
-0.147237 -0.323266 -0.0652164
0.265199 -0.31549 -0.0888823
-0.286847 -0.310769 -0.0938312
-0.213635 -0.315177 -0.0753253
-0.108281 -0.320432 -0.0589375
0.090454 -0.322525 -0.0577709
0.59479 -0.259118 -0.239025
0.564832 -0.263603 -0.218029
-0.0694174 -0.317542 -0.0543
-0.174574 -0.313066 -0.0664509
0.0335473 -0.317931 -0.05248
0.53381 -0.268171 -0.198045
0.00237932 -0.316116 -0.0512825
0.206566 -0.308883 -0.0716025
-0.241566 -0.304404 -0.0785967
-0.532431 -0.265628 -0.196284
-0.348873 -0.292733 -0.109722
0.275244 -0.301685 -0.0871871
-0.384582 -0.286044 -0.122347
0.312362 -0.292825 -0.0962944
0.411058 -0.280691 -0.13268
-0.417703 -0.278793 -0.135246
0.153016 -0.303447 -0.0595181
-0.451732 -0.271754 -0.150242
-0.0588737 -0.303851 -0.0491011
0.0131318 -0.302501 -0.0469415
0.349053 -0.284261 -0.107051
-0.149399 -0.296216 -0.0566359
0.18544 -0.294982 -0.0626647
-0.0223916 -0.298374 -0.0458137
0.453712 -0.262614 -0.148425
-0.555703 -0.244619 -0.205421
-0.04928 -0.291251 -0.0446234
-0.331697 -0.275924 -0.0978675
0.549418 -0.24465 -0.201072
-0.16382 -0.288064 -0.0565054
0.0235363 -0.288982 -0.0429547
-0.365822 -0.267863 -0.108695
-0.185353 -0.283841 -0.0592138
0.196359 -0.280105 -0.0603276
-0.400291 -0.261019 -0.121572
-0.146403 -0.280656 -0.0514232
-0.00609903 -0.285304 -0.0415822
0.428122 -0.257603 -0.133771
0.164903 -0.280343 -0.0543706
0.265131 -0.272595 -0.075123
-0.434223 -0.25366 -0.135646
-0.286251 -0.26814 -0.08013
-0.193649 -0.276117 -0.0585863
-0.107523 -0.278007 -0.0454579
0.494806 -0.244 -0.165955
0.302713 -0.264809 -0.084445
0.115476 -0.275487 -0.0456562
-0.0588368 -0.275386 -0.0404683
0.0342973 -0.275062 -0.0391855
-0.174895 -0.269605 -0.0530446
-0.578954 -0.223479 -0.215864
-0.185006 -0.267897 -0.0544821
-0.0592379 -0.272037 -0.0395382
0.175331 -0.265921 -0.0520837
0.594038 -0.216375 -0.225209
-0.348601 -0.250627 -0.0968593
0.375604 -0.247008 -0.106742
0.564233 -0.220977 -0.204506
-0.0974522 -0.264128 -0.0404484
0.244172 -0.258542 -0.0653687
-0.202918 -0.258421 -0.0555196
0.0912011 -0.263158 -0.0395678
-0.382435 -0.242761 -0.108478
0.0454527 -0.261442 -0.0358515
-0.416813 -0.235786 -0.122121
-0.0590517 -0.260606 -0.0363624
0.216567 -0.253636 -0.0572554
0.631256 -0.202166 -0.251238
-0.451652 -0.230958 -0.138218
-0.303041 -0.243122 -0.0785565
0.18594 -0.251359 -0.0501342
-0.230335 -0.247513 -0.0588927
0.153894 -0.251029 -0.0443321
0.121049 -0.250429 -0.0394623
0.254748 -0.24386 -0.0642458
0.0883565 -0.248909 -0.0355117
-0.130158 -0.245682 -0.0394277
-0.0462402 -0.247818 -0.0322976
0.0568991 -0.247376 -0.0327526
-0.415804 -0.223981 -0.118558
-0.258045 -0.237123 -0.0634183
0.29228 -0.236007 -0.0732459
-0.36552 -0.226584 -0.0971963
-0.286279 -0.234133 -0.0709004
0.15171 -0.241314 -0.0414848
-0.161868 -0.237534 -0.0422023
0.00701251 -0.241086 -0.0295215
-0.400161 -0.21929 -0.110178
0.164588 -0.236566 -0.0424263
0.329042 -0.227304 -0.0834498
-0.515043 -0.204938 -0.167696
-0.113473 -0.237638 -0.035297
0.132703 -0.235672 -0.0372701
0.100168 -0.23474 -0.0331164
-0.179557 -0.231087 -0.0437792
-0.0599042 -0.233907 -0.0295881
-0.0353102 -0.233955 -0.0283939
0.0679788 -0.232969 -0.0298946
0.365907 -0.218299 -0.0953136
-0.29657 -0.22192 -0.071131
0.233588 -0.226023 -0.054299
0.643692 -0.178597 -0.255847
-0.319832 -0.218174 -0.0779869
0.525412 -0.197055 -0.172285
-0.184625 -0.22452 -0.04318
-0.136802 -0.222117 -0.0346247
0.207207 -0.219283 -0.0465954
0.189777 -0.218256 -0.0427387
0.468227 -0.196294 -0.138471
-0.27494 -0.211839 -0.0621662
-0.0243637 -0.22002 -0.024809
0.111238 -0.220427 -0.0309603
-0.0729601 -0.219853 -0.0271992
-0.538004 -0.18395 -0.177374
-0.162789 -0.213668 -0.0367525
-0.498071 -0.187219 -0.153315
-0.456935 -0.190013 -0.131032
0.281993 -0.206752 -0.0631256
0.442777 -0.191209 -0.123993
-0.61534 -0.168061 -0.229862
0.154209 -0.211156 -0.0347887
-0.123929 -0.210738 -0.0303449
0.318886 -0.198393 -0.0732033
-0.337342 -0.194241 -0.0788754
-0.311908 -0.197785 -0.0707024
-0.00164758 -0.20739 -0.0217431
-0.190722 -0.202483 -0.0394658
-0.0135001 -0.206314 -0.0216072
0.539609 -0.173477 -0.176151
0.223116 -0.200263 -0.0460011
0.570146 -0.168841 -0.195993
0.355182 -0.189457 -0.0846028
-0.37104 -0.186403 -0.0902842
-0.15195 -0.198932 -0.0318382
-0.112935 -0.195928 -0.0259066
0.48328 -0.172596 -0.141716
-0.291884 -0.18742 -0.062089
-0.218205 -0.190961 -0.0429625
-0.480702 -0.169328 -0.13962
-0.440223 -0.173032 -0.118942
-0.179912 -0.187921 -0.0344342
0.201948 -0.185236 -0.0382804
0.458355 -0.167671 -0.12719
0.169667 -0.184939 -0.0320067
0.0146831 -0.186641 -0.0176815
-0.207275 -0.176772 -0.0378207
-0.102027 -0.182255 -0.0220565
-0.591009 -0.146232 -0.2067
-0.281141 -0.17267 -0.0559954
0.432495 -0.162435 -0.113116
0.307531 -0.169072 -0.063603
0.18036 -0.170216 -0.0312395
0.4062 -0.157285 -0.0998542
-0.50389 -0.148544 -0.149101
-0.23543 -0.166124 -0.0424117
0.148777 -0.1695 -0.0257643
0.343925 -0.160627 -0.0748433
-0.0911904 -0.168459 -0.0185184
0.116002 -0.168495 -0.0211471
0.249627 -0.16276 -0.0454344
0.529943 -0.144562 -0.164379
-0.197079 -0.1632 -0.0332912
0.083704 -0.16746 -0.0176808
-0.342919 -0.154683 -0.0734582
0.47308 -0.14401 -0.13083
-0.283871 -0.156102 -0.0539294
0.243567 -0.157686 -0.0430201
-0.377317 -0.14771 -0.0857715
-0.118544 -0.158105 -0.0197194
-0.0798257 -0.154544 -0.0152442
-0.224309 -0.152112 -0.0374267
-0.411228 -0.140466 -0.0993553
-0.29757 -0.147716 -0.0567969
0.447457 -0.138671 -0.116511
0.32408 -0.145923 -0.0652924
0.228453 -0.147771 -0.0377252
-0.526747 -0.127213 -0.159551
0.421555 -0.133539 -0.103084
0.360023 -0.137061 -0.0771793
-0.251444 -0.14062 -0.0423979
-0.109113 -0.144518 -0.0165322
0.0266055 -0.146353 -0.0111255
0.265879 -0.139562 -0.0461495
-0.213655 -0.138166 -0.0329108
-0.0689543 -0.141309 -0.0124388
0.0027954 -0.139757 -0.00981808
-0.174374 -0.135988 -0.0247559
0.206982 -0.132863 -0.0307189
-0.43579 -0.119538 -0.107925
-0.241466 -0.127808 -0.0380439
-0.198856 -0.128206 -0.0283932
0.0376497 -0.130123 -0.0092172
0.244705 -0.124951 -0.0384873
0.611412 -0.102012 -0.215291
-0.202432 -0.124131 -0.0286027
0.0457187 -0.127319 -0.00919238
0.494985 -0.11045 -0.138147
0.639283 -0.0976318 -0.237251
-0.349261 -0.116564 -0.0702531
-0.633388 -0.094911 -0.232008
0.375514 -0.113433 -0.0801512
-0.383149 -0.108935 -0.0827598
-0.26427 -0.114266 -0.042344
-0.244569 -0.115527 -0.037275
0.153628 -0.116575 -0.0187719
-0.23055 -0.113751 -0.0336111
0.121547 -0.115845 -0.0141976
0.247274 -0.113244 -0.0376948
-0.303737 -0.109779 -0.0535897
-0.0195516 -0.114225 -0.00673753
0.0891075 -0.114241 -0.0105512
-0.238289 -0.110307 -0.0350902
0.222907 -0.109426 -0.0313215
0.00629459 -0.11032 -0.00612384
0.0400594 -0.109253 -0.00679353
-0.338209 -0.101967 -0.0644695
0.29122 -0.101774 -0.0487728
-0.21918 -0.0991652 -0.0293681
0.417697 -0.0949642 -0.09639
-0.0747675 -0.102651 -0.00809648
-0.00356045 -0.100892 -0.00510896
0.50872 -0.0873333 -0.143509
-0.29229 -0.0951418 -0.0484146
0.390589 -0.0898068 -0.0838259
0.540773 -0.0824625 -0.162883
0.201962 -0.0945299 -0.0251793
-0.216454 -0.0904051 -0.0279019
0.483641 -0.081914 -0.128575
-0.441246 -0.0814518 -0.106318
0.270041 -0.0868353 -0.0410747
0.601318 -0.0731998 -0.20435
-0.481948 -0.0779621 -0.127276
0.190956 -0.0876309 -0.0223208
-0.208063 -0.0854565 -0.0256247
-0.0394481 -0.087645 -0.00462961
-0.562826 -0.0718458 -0.176553
0.194506 -0.0856298 -0.0228434
0.458406 -0.0768799 -0.114588
0.306975 -0.0782197 -0.0515023
0.370532 -0.0748619 -0.0742021
-0.645472 -0.0600745 -0.238583
0.148014 -0.0779601 -0.0140923
0.431996 -0.0716248 -0.100973
-0.0915762 -0.0775957 -0.00722978
0.11581 -0.0771616 -0.00973025
0.0833783 -0.0755665 -0.00635129
-0.19709 -0.0718652 -0.0222522
0.218651 -0.0719616 -0.0268538
-0.305658 -0.0696294 -0.0504081
-0.000999364 -0.0356439 -0.000635947
0.0644447 -0.0359019 -0.00272474
0.426465 -0.0324484 -0.0960784
-0.356661 -0.0286404 -0.0662051
-0.276746 -0.0295941 -0.0395128
-0.476191 -0.0255251 -0.121029
0.399359 -0.0274915 -0.0836178
0.0249292 -0.0289788 -0.000730884
-0.516814 -0.0224865 -0.144198
0.547827 -0.0204207 -0.163658
-0.699461 -0.0171472 -0.285535
-0.390477 -0.021815 -0.0796457
-0.311151 -0.0217528 -0.0498884
0.491418 -0.0196831 -0.129299
0.523763 -0.0151998 -0.148271
0.189231 -0.0163063 -0.0182028
-0.0608804 -0.0145315 -0.00196072
0.157257 -0.0156055 -0.0125655
0.226752 -0.00807965 -0.0260809
0.472738 -0.00440596 -0.118808
0.446962 0.000859609 -0.105447
0.358583 0.00278248 -0.0665064
0.204357 0.00692822 -0.0211281
0.419952 0.00575602 -0.0924718
0.172956 0.00842053 -0.0151065
-0.622898 0.0100731 -0.217762
-0.576778 0.0109723 -0.183173
-0.205039 0.0157722 -0.0213732
-0.277851 0.0198191 -0.0395803
-0.165651 0.0185511 -0.0139901
0.337261 0.0178706 -0.0587584
0.278936 0.0241459 -0.039994
0.39997 0.0211379 -0.0837155
-0.477954 0.0230381 -0.121917
0.517376 0.0232633 -0.144558
-0.658824 0.022806 -0.248048
0.18862 0.03225 -0.0184796
0.492301 0.0287901 -0.130051
0.548495 0.0281559 -0.16432
-0.26705 0.0337087 -0.0369072
0.315904 0.0329704 -0.0517818
-0.425783 0.0340181 -0.0958142
0.466264 0.0338559 -0.116003
0.257015 0.0392263 -0.0343889
-0.256186 0.047228 -0.034527
0.29361 0.047755 -0.0452684
-0.548908 0.0429743 -0.165223
-0.415518 0.0478707 -0.0916755
-0.641271 0.0406107 -0.233761
-0.290773 0.0545873 -0.0447664
0.203807 0.0556026 -0.0225692
-0.0607628 0.0637964 -0.00388861
-0.2062 0.0642405 -0.0236012
0.392063 0.0596701 -0.0819989
-0.490821 0.0576524 -0.130649
-0.404847 0.0618792 -0.0877119
0.641512 0.0512816 -0.234603
-0.167084 0.0670552 -0.0163402
-0.279136 0.0684621 -0.0421922
-0.128466 0.0698493 -0.0107489
-0.5778 0.0595838 -0.185999
-0.0515571 0.0743096 -0.00409842
-0.439093 0.0680852 -0.104142
0.398781 0.070109 -0.0856376
0.697008 0.0561879 -0.285141
0.540964 0.0663681 -0.161577
0.370866 0.0745099 -0.0743075
-0.479209 0.0716144 -0.125225
0.218016 0.0800936 -0.0273469
-0.393903 0.0754217 -0.0839474
0.187326 0.0807312 -0.0210253
-0.0462291 0.08528 -0.00471602
0.516387 0.0716814 -0.14665
-0.268562 0.0821162 -0.040244
0.314674 0.081446 -0.0543008
0.255429 0.0876552 -0.0371539
0.491271 0.0773094 -0.132431
-0.427891 0.0823046 -0.0999251
-0.302601 0.0891915 -0.0510651
0.547667 0.0767316 -0.166829
0.105051 0.0929715 -0.00988858
0.465034 0.0823103 -0.118542
-0.0735425 0.0964274 -0.00738061
-0.468694 0.0855697 -0.120793
-0.00298325 0.0975477 -0.00477362
0.43793 0.0876505 -0.105274
-0.21809 0.0990882 -0.0291148
0.291875 0.0961131 -0.048385
-0.417017 0.0964601 -0.0962345
0.356073 0.100028 -0.0709111
-0.291938 0.103383 -0.0491666
-0.548857 0.0915218 -0.169109
0.444722 0.0981842 -0.109729
-0.371712 0.103515 -0.0774412
0.417478 0.102737 -0.0971396
-0.326058 0.110269 -0.0611033
-0.206773 0.113089 -0.0281689
0.239451 0.112708 -0.0356555
-0.168586 0.115992 -0.0211617
-0.406381 0.110197 -0.0929658
-0.280782 0.117341 -0.0474284
0.334361 0.114621 -0.0645511
-0.249812 0.120102 -0.039183
-0.538711 0.105157 -0.164098
-0.36011 0.117235 -0.0744856
-0.172993 0.124139 -0.0229314
0.276068 0.121139 -0.0465263
0.396623 0.117613 -0.0895838
-0.315238 0.124071 -0.0591325
0.153193 0.130214 -0.0204205
0.0882044 0.132631 -0.012767
0.121017 0.131618 -0.016114
-0.632294 0.10301 -0.232151
-0.394988 0.123802 -0.0896938
0.311539 0.129619 -0.0586488
-0.230808 0.133968 -0.0362676
-0.19189 0.136339 -0.0280999
0.18917 0.137878 -0.0277837
-0.152925 0.139043 -0.0215926
0.222749 0.137741 -0.034904
0.374853 0.132747 -0.0824689
0.48799 0.125401 -0.136206
0.0283189 0.14464 -0.0109209
0.317922 0.139796 -0.0622459
0.259676 0.146251 -0.0454431
0.25489 0.14596 -0.0441096
-0.179858 0.149882 -0.027793
-0.176638 0.151762 -0.0274943
-0.338453 0.145039 -0.0702617
0.650148 0.118945 -0.249561
0.224762 0.153448 -0.0377443
0.574619 0.12904 -0.191816
-0.254197 0.154777 -0.0453126
0.468351 0.140565 -0.127711
-0.177786 0.158361 -0.0287566
0.295251 0.154395 -0.0571379
0.550794 0.134836 -0.176322
0.205201 0.162257 -0.0348237
-0.0985773 0.165773 -0.0187754
0.0441614 0.169172 -0.0154033
0.359294 0.158271 -0.0802947
-0.41389 0.154952 -0.102958
-0.193633 0.168594 -0.0335207
-0.203993 0.171626 -0.0361892
-0.0511143 0.176527 -0.0170323
0.242442 0.170878 -0.0450013
0.279751 0.168859 -0.0548938
-0.165136 0.174447 -0.0292794
0.42031 0.160784 -0.106978
-0.277498 0.175495 -0.0554384
0.33692 0.172568 -0.0744162
-0.40257 0.168939 -0.100335
0.278399 0.179281 -0.0564151
0.426519 0.171419 -0.111914
0.1238 0.189651 -0.0259846
0.156061 0.188417 -0.0303897
-0.63964 0.147609 -0.245631
-0.311372 0.182631 -0.0674263
-0.0809964 0.192022 -0.0219576
0.0921381 0.191731 -0.0228871
-0.436472 0.175601 -0.117585
-0.227491 0.192466 -0.0454296
-0.188628 0.19489 -0.0374839
0.2836 0.189338 -0.0599351
-0.14974 0.197676 -0.0312367
-0.345806 0.189677 -0.0810652
-0.110274 0.201271 -0.0266915
-0.477519 0.178554 -0.139713
0.0319199 0.203928 -0.0215346
0.405141 0.186287 -0.104926
0.15695 0.202339 -0.033343
-0.300496 0.196466 -0.0666709
0.619046 0.162742 -0.231692
0.320299 0.197578 -0.0735164
-0.0673927 0.213106 -0.0252979
0.00362905 0.214379 -0.0232563
0.382971 0.200473 -0.0982549
-0.564636 0.180576 -0.194656
-0.422099 0.19953 -0.115681
-0.212268 0.21557 -0.0468621
0.267648 0.21478 -0.0607269
-0.0243458 0.225306 -0.0260163
-0.0943737 0.224943 -0.0302092
0.111613 0.224328 -0.031899
-0.0418416 0.226723 -0.0269399
0.0841128 0.225811 -0.0294669
0.463847 0.201087 -0.137208
0.152822 0.22545 -0.0378057
-0.284881 0.220097 -0.0670475
0.30244 0.222218 -0.0730967
0.526087 0.197762 -0.172883
-0.410083 0.21344 -0.113278
0.213215 0.230271 -0.0505187
0.500651 0.202905 -0.158467
0.0514844 0.236841 -0.0298167
-0.365604 0.22031 -0.0956786
-0.0504066 0.236963 -0.0297898
-0.319327 0.227102 -0.0799701
0.235807 0.23392 -0.0567733
0.366505 0.225683 -0.0973699
-0.23489 0.236748 -0.0572504
0.555818 0.202152 -0.193649
-0.0503591 0.244092 -0.0315563
0.531614 0.207308 -0.178776
-0.39933 0.226988 -0.111737
-0.195156 0.242044 -0.049564
-0.118587 0.245 -0.0377566
0.249658 0.238705 -0.0615486
0.506692 0.21325 -0.164663
0.480154 0.21801 -0.150339
-0.354056 0.234233 -0.0945835
0.148111 0.247064 -0.0423871
0.1587 0.246653 -0.0439788
0.161506 0.246255 -0.044346
0.453462 0.223644 -0.137239
0.163678 0.248673 -0.0453423
0.561218 0.211756 -0.199879
-0.590481 0.207097 -0.219972
-0.440597 0.230315 -0.132342
-0.0588181 0.258458 -0.0357697
0.131706 0.257908 -0.0428494
0.165061 0.257052 -0.047803
0.459301 0.233317 -0.142908
0.431587 0.238381 -0.129996
0.349283 0.250395 -0.0970586
-0.220049 0.260636 -0.0599747
-0.0687694 0.267851 -0.038997
0.291488 0.257094 -0.0786221
-0.428392 0.244066 -0.129993
0.200611 0.264857 -0.0568109
0.566135 0.221523 -0.206011
0.0716571 0.270242 -0.039878
0.0364121 0.270666 -0.0380154
-0.384124 0.250877 -0.111457
-0.338586 0.257554 -0.0949997
0.464596 0.24381 -0.148702
-0.521391 0.236209 -0.180026
-0.0981944 0.275414 -0.0437024
-0.29263 0.26499 -0.0812247
0.354955 0.261264 -0.102365
0.237228 0.273344 -0.0677952
-0.625814 0.219856 -0.251655
-0.0593927 0.281488 -0.042275
0.571194 0.231425 -0.212485
-0.0882188 0.28276 -0.0448749
-0.372107 0.264834 -0.110394
0.443296 0.25871 -0.141771
-0.165489 0.286538 -0.0563319
0.415364 0.263195 -0.129252
-0.509769 0.249756 -0.17674
-0.204168 0.284179 -0.0632195
-0.102127 0.289009 -0.0481368
-0.126041 0.28969 -0.0512149
-0.457834 0.26083 -0.150085
-0.0162061 0.293746 -0.044254
-0.276827 0.288299 -0.0833481
0.420928 0.272985 -0.134957
0.123905 0.302157 -0.0548288
0.337278 0.285066 -0.102793
0.156012 0.300878 -0.059185
0.278704 0.291549 -0.0849461
0.177194 0.299386 -0.0624658
0.0922616 0.304159 -0.0518572
-0.402423 0.281735 -0.128977
0.0217167 0.308819 -0.0491271
-0.311133 0.295359 -0.0966953
-0.103643 0.309985 -0.0549246
-0.188127 0.307816 -0.0673387
-0.149355 0.311049 -0.0614151
-0.226945 0.305665 -0.0753029
-0.0398355 0.314367 -0.0515348
0.0640613 0.315046 -0.053088
0.284476 0.302423 -0.0902671
0.34249 0.295322 -0.1081
0.0960584 0.313632 -0.0553265
0.193393 0.309457 -0.0689598
-0.345705 0.302705 -0.111823
-0.261258 0.311942 -0.086525
-0.0576386 0.322259 -0.0551048
0.585505 0.261149 -0.232547
-0.105815 0.323707 -0.0597783
0.403432 0.297781 -0.134801
0.431315 0.293825 -0.146985
0.229953 0.317836 -0.0801619
-0.432212 0.29848 -0.149058
-0.295694 0.318953 -0.0995368
-0.0619935 0.33557 -0.060027
0.00805349 0.337011 -0.0585337
0.408888 0.307724 -0.140863
-0.171359 0.332446 -0.0725758
0.324263 0.319404 -0.109587
-0.00123685 0.341171 -0.0599995
-0.472879 0.300898 -0.171841
-0.375032 0.319098 -0.129639
-0.207653 0.338319 -0.0821655
-0.12975 0.343842 -0.0699797
-0.245915 0.336382 -0.0909495
0.270662 0.335852 -0.0978107
-0.019399 0.349003 -0.0630792
0.329722 0.329552 -0.115309
0.414195 0.318169 -0.147233
-0.512645 0.304249 -0.197113
-0.461764 0.315434 -0.170979
-0.279995 0.342691 -0.103247
0.088383 0.357702 -0.0703561
0.153314 0.355269 -0.0778944
0.121119 0.356996 -0.0737797
0.276628 0.346652 -0.103725
0.335068 0.340329 -0.121418
-0.404719 0.335853 -0.149468
-0.360035 0.342812 -0.132328
-0.15213 0.365715 -0.0817905
-0.314556 0.350174 -0.117712
-0.0427986 0.368746 -0.0714554
0.0608906 0.369381 -0.0727189
0.190469 0.364262 -0.088389
0.39545 0.342083 -0.147593
-0.446199 0.338844 -0.171694
-0.606462 0.301845 -0.26441
-0.54888 0.316881 -0.22649
-0.109324 0.377167 -0.0803298
0.0329651 0.380022 -0.07561
0.195675 0.374246 -0.09355
0.226369 0.371758 -0.0996928
-0.389679 0.359625 -0.152167
-0.34429 0.366415 -0.13559
-0.0654813 0.389959 -0.0814991
0.00552027 0.391775 -0.0799557
0.405467 0.36174 -0.160512
0.191304 0.391474 -0.0999163
-0.170901 0.396315 -0.0979319
0.325393 0.383351 -0.135615
-0.244215 0.399704 -0.116487
-0.128485 0.408132 -0.0961639
-0.0181693 0.412121 -0.0890521
-0.328246 0.390047 -0.139699
-0.374133 0.383398 -0.155589
0.330366 0.393039 -0.141875
-0.0848893 0.420612 -0.0967395
0.121974 0.420245 -0.100824
-0.278737 0.407015 -0.130147
0.27668 0.409517 -0.130665
0.335239 0.40298 -0.148401
0.593912 0.343579 -0.272523
-0.510869 0.368208 -0.223189
0.418916 0.390437 -0.180203
-0.258677 0.441778 -0.140978
0.0396905 0.456834 -0.111334
0.200363 0.448434 -0.128931
0.291018 0.440151 -0.150544
0.557332 0.384463 -0.264086
-0.0588092 0.464871 -0.116577
-0.338319 0.44079 -0.168589
0.20523 0.458604 -0.135383
-0.384017 0.434138 -0.185104
0.295453 0.4499 -0.157208
0.352873 0.442636 -0.17565
-0.0555255 0.473954 -0.121203
-0.28869 0.457592 -0.159008
0.209967 0.468759 -0.141991
0.488977 0.419896 -0.235416
0.0200675 0.485471 -0.125977
-0.160679 0.479511 -0.1373
-0.19939 0.476913 -0.143964
0.214435 0.47843 -0.148459
0.304344 0.469079 -0.17094
-0.367969 0.458408 -0.191012
-0.117537 0.492059 -0.137409
0.360924 0.461791 -0.189763
0.0245987 0.495942 -0.131993
-0.233723 0.483839 -0.15663
0.219169 0.488072 -0.155162
-0.318044 0.474333 -0.179112
0.308459 0.478495 -0.177871
0.223679 0.498137 -0.162249
-0.448924 0.46355 -0.23607
-0.264037 0.500822 -0.175705
0.397772 0.476776 -0.216124
0.228112 0.507332 -0.168989
-0.500865 0.452681 -0.262292
-0.0648151 0.52409 -0.150807
0.00591911 0.525802 -0.149414
0.401325 0.485819 -0.223522
0.232581 0.516434 -0.175863
-0.343141 0.500892 -0.205417
-0.0609618 0.534458 -0.157006
-0.388523 0.494153 -0.222271
-0.29313 0.517425 -0.196044
0.236505 0.525732 -0.182889
-0.484756 0.476222 -0.266362
0.432569 0.490568 -0.243543
0.0152492 0.545759 -0.162196
-0.165513 0.539412 -0.174385
0.0198024 0.555769 -0.168899
-0.161255 0.549288 -0.180074
-0.19982 0.546446 -0.186693
-0.121989 0.552924 -0.175747
0.0242731 0.565249 -0.175437
-0.195937 0.55626 -0.192421
-0.23383 0.553363 -0.200555
-0.113155 0.571519 -0.18725
0.0291334 0.574957 -0.182335
-0.363738 0.537295 -0.239074
-0.229649 0.563275 -0.206286
0.222249 0.565782 -0.205962
-0.515694 0.498635 -0.303277
0.392541 0.53627 -0.252788
-0.108678 0.581368 -0.19365
0.033579 0.584324 -0.189175
0.0380302 0.593706 -0.196217
0.286029 0.570229 -0.229918
-0.0997666 0.601067 -0.207053
0.17224 0.599041 -0.218026
0.0797492 0.612398 -0.213483
0.175994 0.607368 -0.22532
-0.250044 0.599521 -0.239702
-0.0902823 0.620357 -0.220894
0.116549 0.619964 -0.224075
-0.245756 0.610099 -0.246751
-0.0856547 0.629824 -0.227999
-0.0145588 0.632307 -0.225419
-0.37396 0.592646 -0.286611
-0.0100497 0.640944 -0.232479
-0.0813746 0.638837 -0.234974
-0.324442 0.609365 -0.276528
0.438645 0.584648 -0.317522
-0.232058 0.638879 -0.266527
0.0315344 0.659754 -0.24918
-0.1059 0.665851 -0.261469
0.0686848 0.668556 -0.259517
0.340804 0.637162 -0.308713
-0.0303335 0.677692 -0.26528
-0.306293 0.648749 -0.303359
-0.400671 0.624611 -0.329684
-0.179051 0.670621 -0.280133
-0.116447 0.677061 -0.273344
-0.39648 0.634784 -0.336786
0.318204 0.658054 -0.31757
0.117375 0.711431 -0.307115
