36.9 0 0 4.83429e-15 78.95 0 4.83429e-15 4.83429e-15 78.95
-0.348875 -0.700449 -0.377379
0.0849008 -0.740264 -0.333066
-0.482955 -0.635393 -0.39748
-0.184559 -0.697607 -0.307697
-0.278421 -0.678126 -0.319833
0.0614845 -0.698953 -0.28748
-0.139598 -0.691223 -0.290971
0.0790029 -0.681857 -0.272793
0.0467811 -0.68082 -0.269045
0.128475 -0.664677 -0.263998
-0.461849 -0.587446 -0.335468
-0.29765 -0.627162 -0.280227
-0.0920996 -0.647776 -0.243757
0.0808553 -0.64611 -0.241051
0.01699 -0.642624 -0.234007
-0.151671 -0.635243 -0.242727
-0.173136 -0.620581 -0.235211
0.574919 -0.514516 -0.363806
0.462589 -0.555976 -0.309419
0.359643 -0.578235 -0.267674
-0.295215 -0.590283 -0.248725
0.21731 -0.603055 -0.232471
-0.322887 -0.579225 -0.251506
-0.419076 -0.554303 -0.280887
-0.384871 -0.561321 -0.267338
0.0516576 -0.607041 -0.207011
0.555683 -0.505671 -0.340065
0.484192 -0.528465 -0.30266
-0.110789 -0.596349 -0.204957
-0.243679 -0.579763 -0.222507
0.20257 -0.584748 -0.214484
0.418033 -0.541787 -0.270812
-0.0720865 -0.593372 -0.198306
-0.132198 -0.58123 -0.197071
0.429227 -0.528298 -0.267425
0.144426 -0.577995 -0.196842
0.256806 -0.558344 -0.211138
-0.0547506 -0.575639 -0.184131
0.18777 -0.565629 -0.197002
-0.423304 -0.521791 -0.259359
0.0153581 -0.573652 -0.181045
-0.153404 -0.566374 -0.190255
-0.354712 -0.53547 -0.233546
-0.114984 -0.564016 -0.182281
-0.247919 -0.547364 -0.20067
-0.0767443 -0.561971 -0.176411
0.064986 -0.556795 -0.171896
0.139933 -0.547146 -0.174742
-0.4677 -0.485614 -0.261463
-0.098346 -0.547013 -0.168673
-0.058831 -0.54343 -0.16261
-0.331324 -0.514335 -0.208998
0.0112607 -0.541926 -0.159649
-0.392946 -0.495785 -0.225538
-0.119194 -0.53158 -0.161421
0.22658 -0.519965 -0.176412
0.368305 -0.495274 -0.2132
-0.251846 -0.514494 -0.180323
-0.0804121 -0.528715 -0.155018
0.093619 -0.526502 -0.154996
-0.189707 -0.489869 -0.149095
0.223616 -0.487281 -0.155871
0.328764 -0.470993 -0.181416
0.365156 -0.462133 -0.191858
-0.0133133 -0.494745 -0.131064
-0.318967 -0.464003 -0.173585
0.235163 -0.474126 -0.151529
0.617724 -0.384487 -0.314007
0.133757 -0.480346 -0.13318
-0.34625 -0.452918 -0.178431
-0.380336 -0.445517 -0.189531
-0.172252 -0.471983 -0.135384
0.0687353 -0.478998 -0.124879
0.0370535 -0.47688 -0.121813
0.1766 -0.467459 -0.133805
0.454313 -0.421411 -0.215135
-0.506306 -0.403383 -0.237808
-0.056201 -0.463744 -0.115815
0.496758 -0.403267 -0.23149
0.0152325 -0.463037 -0.113792
0.187641 -0.454969 -0.129486
-0.154889 -0.454759 -0.122957
-0.116101 -0.451432 -0.11528
-0.390923 -0.416751 -0.179331
-0.184388 -0.444404 -0.123355
-0.0772105 -0.44902 -0.10982
-0.249671 -0.435336 -0.135045
0.439932 -0.402825 -0.197384
-0.00613813 -0.448038 -0.106007
0.613654 -0.35159 -0.293025
-0.277343 -0.424645 -0.138166
0.108413 -0.432577 -0.104945
-0.027113 -0.432379 -0.0987156
-0.165422 -0.425721 -0.110395
-0.339339 -0.406221 -0.15157
0.0760429 -0.431403 -0.101051
0.151502 -0.419917 -0.105172
-0.088619 -0.420926 -0.0972443
0.118986 -0.420045 -0.100331
0.0863747 -0.419165 -0.0962079
-0.0470797 -0.417663 -0.0926186
0.054708 -0.41675 -0.0926266
0.399967 -0.379039 -0.165521
0.162635 -0.406629 -0.100999
0.300719 -0.391349 -0.130279
0.337522 -0.383072 -0.140154
-0.175872 -0.396965 -0.0991738
0.0333476 -0.402394 -0.085141
0.37422 -0.373983 -0.151415
-0.384009 -0.370125 -0.154101
0.476529 -0.351536 -0.194182
-0.41814 -0.363002 -0.167301
0.310756 -0.377118 -0.127525
-0.556492 -0.3285 -0.236846
-0.205412 -0.386496 -0.100874
-0.0996724 -0.392289 -0.085574
0.347648 -0.368548 -0.137844
-0.059575 -0.388321 -0.0804035
0.452613 -0.347043 -0.178597
0.0120606 -0.386807 -0.077918
0.184319 -0.37964 -0.0934129
-0.300619 -0.36239 -0.117786
-0.366791 -0.352743 -0.139165
-0.579727 -0.308014 -0.24565
-0.401986 -0.345771 -0.15215
-0.435219 -0.338468 -0.16572
-0.186329 -0.368423 -0.0892059
0.0217605 -0.374562 -0.0730536
0.461203 -0.332604 -0.177402
0.195376 -0.365814 -0.0900503
0.264496 -0.35789 -0.10448
-0.147666 -0.365504 -0.0809779
-0.287753 -0.353221 -0.109813
-0.21409 -0.357097 -0.0907983
-0.0464745 -0.365909 -0.0705105
0.436316 -0.327667 -0.161989
-0.533211 -0.3072 -0.211765
-0.0698184 -0.359932 -0.0696377
-0.0570325 -0.359589 -0.068634
0.00149312 -0.35876 -0.0665715
0.206466 -0.351456 -0.0868457
-0.241914 -0.346096 -0.0935258
0.274904 -0.343423 -0.101953
-0.350323 -0.334975 -0.12532
0.411135 -0.322756 -0.147476
0.478731 -0.309415 -0.178368
-0.452626 -0.313646 -0.165281
-0.27008 -0.336067 -0.0977161
-0.633152 -0.270054 -0.274611
0.349434 -0.327079 -0.121982
-0.0608452 -0.346484 -0.0639194
-0.0573774 -0.345201 -0.0632267
0.216987 -0.337212 -0.0839187
0.385095 -0.317614 -0.133499
-0.157787 -0.337089 -0.0718437
0.55039 -0.286268 -0.215703
0.518724 -0.290788 -0.19603
0.322382 -0.321021 -0.109486
-0.118908 -0.334284 -0.0650587
-0.332008 -0.317082 -0.111614
0.0251116 -0.335554 -0.0583138
-0.07996 -0.330788 -0.0596886
-0.509166 -0.285156 -0.187943
-0.185538 -0.32556 -0.0728611
-0.0487964 -0.330859 -0.0575821
-0.00853834 -0.329382 -0.0558419
-0.468919 -0.288547 -0.165221
-0.214563 -0.315078 -0.0755063
0.595841 -0.257992 -0.239465
-0.00311284 -0.320121 -0.0526286
-0.069402 -0.317242 -0.0541981
-0.0490433 -0.318119 -0.0532184
-0.145979 -0.31509 -0.0622322
0.00168562 -0.316305 -0.0513438
0.437357 -0.285438 -0.147214
-0.314591 -0.299503 -0.0992611
0.206928 -0.309424 -0.0718633
0.53513 -0.26735 -0.198652
-0.0584429 -0.313696 -0.0522769
-0.241684 -0.303531 -0.0783398
0.275621 -0.30106 -0.087095
0.313195 -0.293497 -0.0968009
-0.0999937 -0.306938 -0.0535379
0.411857 -0.280399 -0.132965
0.0098624 -0.307075 -0.0483658
0.0430843 -0.30618 -0.0490018
-0.602505 -0.244383 -0.240221
-0.451873 -0.271123 -0.150116
-0.0595624 -0.303905 -0.0491612
0.349928 -0.284382 -0.107433
0.0119609 -0.302858 -0.0470394
-0.246774 -0.29176 -0.0758903
0.167763 -0.294476 -0.0591815
-0.157477 -0.294523 -0.05742
0.385428 -0.274954 -0.119179
-0.118861 -0.291632 -0.0508831
-0.331438 -0.274348 -0.0972921
0.550643 -0.243771 -0.201646
-0.236166 -0.282346 -0.0702116
-0.185188 -0.282919 -0.0589038
-0.00820829 -0.287411 -0.0422278
0.196662 -0.280865 -0.0606177
-0.101066 -0.28409 -0.046544
-0.147426 -0.280654 -0.0515807
-0.0102655 -0.284436 -0.0413601
-0.508848 -0.242793 -0.174091
0.265914 -0.27286 -0.0754262
-0.434335 -0.253272 -0.135589
0.131137 -0.277632 -0.048305
-0.286454 -0.26766 -0.0800529
-0.213016 -0.271803 -0.0615187
-0.108054 -0.277571 -0.045391
-0.0690175 -0.274865 -0.0409976
0.0334287 -0.274568 -0.0390134
0.002917 -0.273446 -0.038117
-0.579174 -0.222711 -0.215808
0.207096 -0.266125 -0.0585709
-0.241146 -0.261625 -0.0654408
0.174744 -0.265801 -0.0519419
0.594989 -0.215502 -0.225695
-0.348322 -0.249527 -0.096447
-0.264839 -0.257287 -0.0706649
-0.081296 -0.266024 -0.0394677
0.565403 -0.220279 -0.205144
0.376466 -0.246826 -0.107055
-0.202132 -0.258805 -0.0554564
-0.0587988 -0.260542 -0.0363296
0.312746 -0.249808 -0.0836015
-0.383613 -0.242769 -0.108987
0.113772 -0.260462 -0.0412429
-0.417211 -0.23549 -0.12223
0.0139721 -0.259631 -0.0343932
-0.451919 -0.229019 -0.13784
0.186153 -0.251213 -0.0501373
-0.30407 -0.242839 -0.0788212
0.478098 -0.224248 -0.150803
-0.231345 -0.246771 -0.0589453
0.153313 -0.25098 -0.0442258
0.255532 -0.243944 -0.0644816
-0.0466278 -0.247355 -0.0321977
0.0559366 -0.247074 -0.0326192
-0.257789 -0.236004 -0.0630653
0.4531 -0.219259 -0.135925
-0.365751 -0.225171 -0.0969363
0.579316 -0.19625 -0.208875
0.164959 -0.236411 -0.042452
-0.399632 -0.217527 -0.109508
-0.168109 -0.235199 -0.0427012
0.132227 -0.23583 -0.0372435
-0.254246 -0.22982 -0.0605631
0.42761 -0.214231 -0.121789
-0.434215 -0.21157 -0.124389
-0.297368 -0.224345 -0.0719689
0.0675378 -0.233564 -0.030007
-0.258699 -0.226538 -0.0609819
-0.0362746 -0.234164 -0.0284798
0.167652 -0.231593 -0.0417425
0.365865 -0.218173 -0.0952664
-0.180987 -0.229173 -0.0435883
0.302286 -0.221182 -0.072799
0.644415 -0.177448 -0.256198
-0.320567 -0.21796 -0.0781918
-0.667791 -0.171656 -0.275715
0.00421779 -0.229381 -0.0266724
0.40119 -0.208932 -0.108151
-0.134944 -0.224296 -0.0348671
0.175076 -0.222637 -0.0409478
-0.185945 -0.221602 -0.0427555
0.124049 -0.22372 -0.033273
0.143387 -0.221261 -0.0353842
0.338768 -0.212476 -0.0834356
0.0683569 -0.224207 -0.0278587
0.111354 -0.220293 -0.0309432
0.244471 -0.214976 -0.054474
0.468773 -0.195804 -0.138656
-0.201788 -0.215999 -0.0446852
-0.0251942 -0.219902 -0.0248034
0.0788698 -0.219149 -0.0275015
-0.275273 -0.211318 -0.0621464
-0.538602 -0.183452 -0.177654
-0.162724 -0.212653 -0.0365169
0.281979 -0.206724 -0.0631151
-0.155973 -0.212232 -0.0353084
-0.45723 -0.189624 -0.131102
-0.271108 -0.206187 -0.0597941
-0.1716 -0.210833 -0.0376576
0.443596 -0.190707 -0.124298
-0.124112 -0.210014 -0.0302112
0.183608 -0.205398 -0.038699
0.318713 -0.198097 -0.0730806
-0.190499 -0.201592 -0.0392343
0.0500061 -0.206864 -0.0229091
-0.0137475 -0.206024 -0.0215496
0.223604 -0.200101 -0.0460814
-0.33684 -0.192864 -0.0784023
0.540246 -0.172683 -0.176401
-0.263777 -0.196731 -0.0556914
0.571236 -0.167916 -0.196574
0.601026 -0.163339 -0.21764
0.355904 -0.18943 -0.0848778
-0.113671 -0.196018 -0.0260103
0.483891 -0.172228 -0.141986
-0.218605 -0.191136 -0.0430888
-0.291452 -0.186109 -0.0616933
-0.131349 -0.191955 -0.0274258
-0.439837 -0.171811 -0.11851
-0.00245058 -0.192303 -0.0186675
-0.179903 -0.188115 -0.0344703
0.20247 -0.185232 -0.0383894
0.169085 -0.185219 -0.0319584
0.459104 -0.167164 -0.127487
0.270799 -0.177587 -0.0538863
-0.207683 -0.176659 -0.037888
-0.202204 -0.177858 -0.0369422
-0.59164 -0.145523 -0.20704
-0.0236575 -0.178958 -0.0164278
0.433095 -0.16199 -0.113327
0.3081 -0.168968 -0.0637714
-0.388486 -0.162443 -0.0929772
-0.147486 -0.174744 -0.0264948
-0.280513 -0.168413 -0.05504
-0.23362 -0.170356 -0.0427118
0.180729 -0.170025 -0.0312749
-0.544307 -0.14447 -0.173647
-0.235629 -0.166477 -0.0425219
0.406503 -0.156643 -0.0998789
-0.504828 -0.147555 -0.149485
0.344323 -0.16023 -0.0749225
0.250124 -0.162661 -0.0455475
0.530868 -0.143876 -0.164848
-0.196304 -0.163386 -0.0331651
0.0841776 -0.166649 -0.0175834
0.0517427 -0.165443 -0.0151389
-0.343 -0.154248 -0.0734157
0.473584 -0.143527 -0.131025
0.242745 -0.157634 -0.042803
-0.297674 -0.147527 -0.0568001
-0.224182 -0.15182 -0.037351
0.127185 -0.154173 -0.0201763
-0.411541 -0.14018 -0.0994537
0.448034 -0.138364 -0.116756
0.229016 -0.147869 -0.0378741
-0.526927 -0.126689 -0.159585
0.421835 -0.133117 -0.103153
-0.252219 -0.140408 -0.0425705
0.360611 -0.136665 -0.0773504
-0.0689875 -0.140674 -0.0123504
0.544009 -0.120149 -0.169567
-0.213759 -0.137808 -0.0328827
0.574524 -0.115768 -0.189741
-0.051122 -0.140067 -0.0111785
0.00213076 -0.13968 -0.00980561
0.22436 -0.135342 -0.0349378
0.603956 -0.110886 -0.210733
0.207178 -0.132637 -0.0307297
-0.241541 -0.127651 -0.038042
0.271527 -0.127525 -0.0460554
0.276034 -0.126405 -0.0472004
0.0430942 -0.129283 -0.00932906
0.462571 -0.114675 -0.120866
0.611362 -0.101245 -0.215152
-0.227582 -0.121731 -0.0338799
0.639525 -0.0968559 -0.237356
-0.348817 -0.115566 -0.0699618
-0.222503 -0.120925 -0.0325965
0.312439 -0.116819 -0.0572725
-0.226203 -0.11898 -0.0332137
0.28715 -0.116077 -0.0491734
0.376119 -0.113084 -0.0803552
-0.230086 -0.113042 -0.0334175
0.0515569 -0.119638 -0.00852204
0.15399 -0.116716 -0.0188453
-0.382829 -0.108291 -0.0825495
-0.303881 -0.109162 -0.0535645
0.156997 -0.114766 -0.0190919
-0.417819 -0.101811 -0.0971924
0.291483 -0.101545 -0.0488289
-0.492664 -0.0922875 -0.134688
-0.219145 -0.0992081 -0.0293645
-0.0745362 -0.101924 -0.00800406
0.065505 -0.10322 -0.00750076
0.417766 -0.0948766 -0.0964129
-0.00360038 -0.101309 -0.00515148
0.508955 -0.0865802 -0.143572
-0.292563 -0.094903 -0.0484746
-0.0631533 -0.0986347 -0.00688225
0.327915 -0.0929426 -0.059876
0.680447 -0.072194 -0.270767
0.390973 -0.0896477 -0.0839743
0.540927 -0.0816556 -0.162904
0.201959 -0.0944735 -0.0251731
-0.323719 -0.0885481 -0.0579992
0.48459 -0.0813393 -0.129048
0.270275 -0.0866017 -0.0411198
-0.440793 -0.080508 -0.106009
-0.208308 -0.0854746 -0.0256787
-0.482267 -0.0772297 -0.127386
-0.562163 -0.0709378 -0.176022
0.45881 -0.0761098 -0.114731
0.307198 -0.0779409 -0.0515515
0.148076 -0.0781364 -0.0141156
0.370624 -0.0743827 -0.0742001
0.432325 -0.071042 -0.101085
-0.0913775 -0.0769586 -0.00716188
-0.0444873 -0.0776868 -0.00401524
-0.645842 -0.0590281 -0.238814
-0.236456 -0.0747922 -0.0312407
0.0316724 -0.0749726 -0.00331752
-0.307979 -0.0700763 -0.0511911
0.24871 -0.0718257 -0.0340889
-0.197154 -0.0718069 -0.0222607
-0.0784041 -0.0728648 -0.00574474
-0.010698 -0.0731178 -0.00273407
0.211844 -0.0713356 -0.0253035
-0.27827 -0.0699306 -0.0420462
-0.267709 -0.0701488 -0.0390572
-0.0380141 -0.0727536 -0.00337478
0.20125 -0.0713166 -0.0230596
0.663619 -0.0544643 -0.253914
-0.146701 -0.0352912 -0.0114489
0.426579 -0.0319318 -0.0961134
-0.072767 -0.0328422 -0.00319192
-0.27704 -0.0293885 -0.0395912
-0.356635 -0.0285212 -0.0661916
0.399132 -0.0271951 -0.0835097
-0.4761 -0.0248492 -0.12096
-0.239716 -0.0254341 -0.0294901
-0.0641785 -0.02627 -0.00240739
-0.516679 -0.0218166 -0.144099
-0.390471 -0.0214644 -0.0796349
0.547693 -0.0195414 -0.163549
-0.311217 -0.0214975 -0.0499042
0.491403 -0.0190676 -0.129277
0.120106 -0.0171879 -0.00738774
0.189503 -0.0166896 -0.0182617
0.315489 -0.0157229 -0.0512011
0.523813 -0.0144178 -0.148289
0.157329 -0.0155794 -0.0125767
0.465564 -0.0138488 -0.115094
0.226839 -0.00796679 -0.0261003
0.472937 -0.00352436 -0.118911
0.358579 0.00291785 -0.0665053
0.447042 0.00140193 -0.105488
0.204505 0.00693923 -0.0211592
0.419897 0.00635562 -0.0924506
0.172751 0.00838465 -0.0150701
0.255812 0.00783422 -0.0333051
-0.576713 0.0117611 -0.183138
-0.622827 0.011047 -0.217719
-0.165633 0.0186311 -0.0139885
-0.277811 0.020089 -0.0395744
0.337276 0.0179692 -0.0587656
0.399965 0.021603 -0.083724
0.279176 0.0246351 -0.0400762
-0.478127 0.0237052 -0.122029
0.517208 0.0239547 -0.144476
-0.658636 0.0240665 -0.247923
0.188595 0.0323315 -0.0184774
0.315876 0.0331228 -0.051778
0.492078 0.0294676 -0.129948
-0.267266 0.0337543 -0.0369686
0.548742 0.0290945 -0.164515
-0.0449236 0.0359892 -0.00165805
-0.303719 0.035545 -0.0479017
-0.425768 0.0345635 -0.0958282
0.466251 0.0345096 -0.116021
0.256844 0.0394633 -0.0343531
0.293447 0.0478791 -0.0452245
-0.256064 0.0475157 -0.0345087
-0.548966 0.0438007 -0.165304
-0.415388 0.0483108 -0.0916395
-0.641331 0.0419869 -0.233886
0.291675 0.0519065 -0.044892
0.26327 0.0536327 -0.0367698
-0.290539 0.0546023 -0.0446959
0.203537 0.0556725 -0.0225169
-0.206173 0.0641551 -0.0235898
-0.404784 0.0622284 -0.0877076
-0.166921 0.0672366 -0.016325
-0.128364 0.0699756 -0.0107447
-0.278997 0.0688098 -0.0421766
-0.577671 0.0605336 -0.185978
-0.438881 0.0687127 -0.104086
-0.0609942 0.0759702 -0.0047572
0.398811 0.0702593 -0.0856625
0.219296 0.0785892 -0.027512
0.540751 0.0671922 -0.161505
0.69695 0.0573721 -0.285179
-0.478912 0.0722947 -0.125119
0.187103 0.0806356 -0.0209748
-0.393715 0.0762928 -0.0839389
-0.268427 0.0823745 -0.0402284
-0.0459592 0.0855348 -0.00472539
0.0578269 0.0852935 -0.00532363
0.516146 0.072541 -0.146577
0.314309 0.0815788 -0.0541911
0.490875 0.0776969 -0.132241
-0.427921 0.0826286 -0.0999689
0.255141 0.0877599 -0.0370871
0.547518 0.0774816 -0.166801
0.464735 0.0828548 -0.118435
-0.302544 0.0896072 -0.0510861
-0.468818 0.0863564 -0.120937
-0.382295 0.089614 -0.0803152
-0.0735464 0.09655 -0.00739281
-0.00289464 0.0981267 -0.00483028
0.437649 0.0879916 -0.10517
-0.218633 0.0991113 -0.0292393
-0.179544 0.1017 -0.0215211
-0.417081 0.0966286 -0.0962819
-0.140651 0.104515 -0.0154727
0.170133 0.10568 -0.020262
0.356074 0.10017 -0.0709266
-0.0608549 0.108811 -0.00780201
0.0731649 0.109072 -0.00866246
0.444483 0.0983334 -0.109626
0.249577 0.106525 -0.037522
-0.371339 0.103756 -0.0773179
0.297398 0.106562 -0.051212
-0.457858 0.099999 -0.116616
0.417137 0.103005 -0.0970125
0.23898 0.112745 -0.0355431
-0.206718 0.113378 -0.0281907
-0.325752 0.11061 -0.0610374
-0.405996 0.110337 -0.0928103
0.012839 0.121216 -0.00745691
0.3339 0.114837 -0.064413
-0.280664 0.117361 -0.0473962
-0.46059 0.110233 -0.119258
-0.241852 0.119908 -0.0371243
-0.247078 0.121136 -0.038606
-0.538927 0.106159 -0.164364
-0.359936 0.117701 -0.074477
0.275618 0.121196 -0.0464036
0.396168 0.118176 -0.0894589
-0.315186 0.124307 -0.0591464
-0.0861869 0.131159 -0.0123922
0.120824 0.131481 -0.0160719
0.152867 0.130282 -0.0203785
0.0890482 0.133079 -0.012903
-0.632277 0.104077 -0.23228
-0.394558 0.124411 -0.0895901
-0.367877 0.126515 -0.0787723
-0.23076 0.134039 -0.0362659
-0.191613 0.13682 -0.0281128
-0.152786 0.1395 -0.021636
0.18925 0.138049 -0.0278237
0.222164 0.137486 -0.0347327
0.374398 0.133062 -0.0823288
0.0281713 0.145217 -0.0110013
0.4873 0.126155 -0.135926
-0.265456 0.141153 -0.0462657
0.317918 0.140353 -0.0623278
0.259118 0.14612 -0.0452713
-0.337825 0.145377 -0.0700859
0.381127 0.143722 -0.086717
0.649925 0.120073 -0.249547
0.467778 0.140959 -0.127467
-0.254189 0.154898 -0.0453301
0.283938 0.154578 -0.0536993
0.550135 0.135212 -0.175943
-0.138684 0.164077 -0.0233499
-0.0982133 0.166078 -0.0187904
0.20566 0.162665 -0.0349903
0.173549 0.163974 -0.0289215
0.0768509 0.167309 -0.0170953
-0.288494 0.161855 -0.0562975
0.35923 0.158465 -0.080303
-0.413547 0.155476 -0.10289
0.473606 0.151587 -0.132407
-0.658392 0.131184 -0.258845
-0.203781 0.171792 -0.0361739
0.24183 0.170969 -0.0448625
0.419602 0.161257 -0.106731
-0.546735 0.15076 -0.176379
0.0157863 0.179826 -0.0164282
-0.277319 0.175994 -0.0554788
-0.402021 0.169395 -0.100175
0.247517 0.180821 -0.048139
-0.0829167 0.189604 -0.0216468
0.426315 0.171533 -0.111838
0.124078 0.19018 -0.0261231
-0.311875 0.182847 -0.067637
0.0840583 0.193855 -0.0225777
0.342502 0.183697 -0.0786164
0.284546 0.189796 -0.0603131
-0.227362 0.1928 -0.0454662
-0.188447 0.195366 -0.0375449
-0.14965 0.198331 -0.0313567
0.0641091 0.201747 -0.0226628
0.193719 0.197684 -0.0390662
-0.346218 0.189981 -0.0812833
0.404459 0.186221 -0.104604
-0.261855 0.199352 -0.0557064
-0.433016 0.186376 -0.118093
0.319068 0.197721 -0.0731226
0.618387 0.163718 -0.231369
0.230791 0.206217 -0.0491003
-0.0671808 0.213867 -0.02545
0.382133 0.201101 -0.0980396
0.325882 0.208479 -0.0778626
-0.421369 0.200129 -0.115468
-0.211671 0.216196 -0.0468712
-0.0500346 0.220798 -0.0259648
-0.173087 0.218771 -0.039698
0.267319 0.214576 -0.0605864
-0.133839 0.221666 -0.0341058
-0.0936986 0.224658 -0.0300777
-0.0505787 0.226631 -0.0273335
-0.0235762 0.226467 -0.0262665
0.46338 0.201817 -0.137128
0.152173 0.225739 -0.0377707
0.388672 0.211284 -0.103176
-0.285061 0.220701 -0.0672454
-0.409783 0.214002 -0.113275
0.181376 0.232003 -0.0443444
0.212855 0.230606 -0.0505191
0.500257 0.203663 -0.158416
-0.364756 0.220697 -0.0954305
0.0514345 0.236807 -0.0298057
-0.319669 0.227683 -0.0802326
0.155915 0.238705 -0.0415061
0.365587 0.225929 -0.097059
-0.23498 0.237392 -0.0574347
-0.196397 0.239695 -0.0492243
0.188568 0.239678 -0.0476364
0.219481 0.238402 -0.0539597
-0.157592 0.242416 -0.0427124
0.308858 0.233086 -0.0778949
-0.049663 0.246561 -0.032146
-0.118251 0.245892 -0.0379429
0.249902 0.239253 -0.0617532
0.219689 0.241563 -0.0548102
-0.399432 0.228193 -0.112091
0.157348 0.246287 -0.043661
0.479322 0.218712 -0.15005
-0.353633 0.234726 -0.0945457
-0.269707 0.24397 -0.0684762
0.37147 0.236683 -0.10223
-0.589929 0.207968 -0.219787
-0.439751 0.230798 -0.132042
-0.0752844 0.257505 -0.0366603
0.00746242 0.257987 -0.0338805
0.161456 0.254579 -0.0465213
0.255327 0.249633 -0.0659275
0.560355 0.212912 -0.199581
-0.00352539 0.259066 -0.0341468
0.0998636 0.259579 -0.0394553
0.510957 0.223484 -0.169953
0.458287 0.233656 -0.142458
-0.30434 0.251285 -0.0811784
-0.1438 0.261513 -0.0455723
-0.18083 0.263405 -0.0524143
-0.219273 0.261106 -0.0599239
-0.141664 0.266204 -0.04655
0.168773 0.26647 -0.0510483
0.349001 0.251001 -0.0971176
0.290848 0.25742 -0.0785109
-0.0319013 0.270115 -0.0377006
0.0714198 0.270216 -0.039853
0.104127 0.269344 -0.0426018
0.136502 0.268095 -0.0463271
0.56535 0.222405 -0.205698
-0.42932 0.244695 -0.130627
-0.220356 0.265178 -0.0613179
0.200005 0.265333 -0.0568157
0.541227 0.228023 -0.190631
-0.383674 0.251532 -0.111447
-0.181382 0.267175 -0.0535763
-0.338199 0.258269 -0.095059
0.490344 0.239053 -0.161897
0.464065 0.243886 -0.148435
-0.520493 0.236909 -0.179658
0.35443 0.260898 -0.102051
-0.46914 0.24772 -0.152331
0.205974 0.275614 -0.0610582
0.296632 0.267979 -0.0833775
0.0438941 0.281545 -0.0414565
-0.058518 0.28261 -0.0425516
0.570404 0.232233 -0.21215
0.442278 0.258623 -0.141219
-0.164851 0.287306 -0.0564539
-0.203895 0.284922 -0.0633857
0.242655 0.28381 -0.0723307
0.152944 0.292041 -0.0559024
0.44775 0.269088 -0.147291
0.419578 0.273508 -0.134467
-0.0825817 0.302515 -0.0504397
-0.0120074 0.303684 -0.0473029
0.335942 0.285276 -0.102358
-0.401581 0.282192 -0.128736
-0.356739 0.289051 -0.111638
-0.311178 0.296325 -0.0970275
-0.60421 0.24884 -0.243027
0.0964827 0.313899 -0.0554585
-0.187785 0.308885 -0.0676229
0.2838 0.301918 -0.0898884
0.341954 0.295382 -0.107914
0.161287 0.3117 -0.0636083
0.064423 0.315518 -0.0532697
0.0551771 0.318911 -0.053823
0.0445239 0.320184 -0.0536913
0.5842 0.261576 -0.231698
-0.223018 0.315226 -0.0775599
-0.261008 0.312802 -0.0867476
-0.105944 0.32339 -0.0596838
0.430743 0.293747 -0.146669
0.000315146 0.326136 -0.0546773
0.0360628 0.326286 -0.0554171
0.347209 0.306257 -0.11363
-0.535133 0.277404 -0.202078
-0.431406 0.299146 -0.148883
-0.387234 0.305947 -0.130261
-0.341459 0.312543 -0.11359
-0.295691 0.31996 -0.0998931
-0.0624612 0.335959 -0.0601968
0.435402 0.303844 -0.15259
0.234898 0.328295 -0.0850984
0.407634 0.308128 -0.140412
-0.523026 0.291131 -0.198947
-0.472185 0.302123 -0.171892
-0.206819 0.338819 -0.0821616
-0.168202 0.341546 -0.0753084
-0.128908 0.345232 -0.0703778
0.412945 0.317954 -0.146547
-0.0856881 0.356862 -0.069781
-0.0151897 0.358137 -0.0664547
-0.279766 0.34382 -0.103608
0.275307 0.346202 -0.103144
0.333942 0.339705 -0.120749
-0.55955 0.304161 -0.229033
0.0933128 0.368389 -0.075023
-0.151493 0.365555 -0.0816211
0.125724 0.367158 -0.0783772
0.158124 0.365946 -0.0828957
-0.0417614 0.370152 -0.071968
0.189382 0.36375 -0.0879582
0.280834 0.35636 -0.108855
0.0618817 0.370104 -0.0730728
0.422903 0.33794 -0.159197
-0.445254 0.339572 -0.171484
-0.310362 0.360019 -0.120192
-0.187272 0.3721 -0.0908955
-0.148207 0.37494 -0.0848744
-0.225617 0.369741 -0.0986742
-0.0382724 0.378667 -0.0752586
0.195017 0.374419 -0.0934798
0.285775 0.366993 -0.114761
0.343943 0.360687 -0.133046
-0.260175 0.376592 -0.110907
0.0375299 0.390682 -0.0802395
-0.389741 0.360719 -0.152661
-0.0613598 0.40022 -0.0856374
-0.293995 0.383588 -0.124542
0.00968139 0.401184 -0.0840539
0.436784 0.367749 -0.179037
-0.205385 0.40295 -0.108121
-0.166809 0.405763 -0.101373
-0.127528 0.409681 -0.0967291
-0.243868 0.401257 -0.117095
0.565865 0.341477 -0.24954
-0.522199 0.355535 -0.224821
-0.0468711 0.417484 -0.0925253
-0.0136603 0.42204 -0.0935255
0.441052 0.377284 -0.185672
-0.240226 0.409852 -0.12005
-0.324574 0.400608 -0.143166
-0.0835774 0.421949 -0.0972412
-0.0314464 0.457408 -0.111299
0.13609 0.453016 -0.118946
0.167991 0.450787 -0.123319
0.479829 0.401713 -0.220006
0.506144 0.396423 -0.234058
-0.612293 0.364401 -0.298352
-0.440197 0.414329 -0.203408
0.531186 0.390807 -0.248261
-0.0988135 0.461986 -0.118634
-0.253873 0.45113 -0.144413
0.0757142 0.464502 -0.11767
0.140619 0.461759 -0.124212
0.172904 0.460641 -0.129417
-0.38362 0.435731 -0.185767
0.047998 0.475059 -0.121356
0.177617 0.470545 -0.135685
0.208417 0.468036 -0.141219
0.486718 0.420604 -0.234364
-0.424006 0.438058 -0.207331
-0.284293 0.468141 -0.163327
0.182194 0.48045 -0.142111
0.212924 0.477548 -0.147585
-0.0451316 0.494659 -0.132086
0.388682 0.45818 -0.200627
0.186717 0.490345 -0.148707
0.217642 0.48727 -0.154305
-0.362905 0.468558 -0.194548
0.0290792 0.50549 -0.137658
-0.191116 0.496987 -0.15355
0.191107 0.499652 -0.155118
-0.313533 0.484918 -0.183574
-0.108408 0.512412 -0.148131
0.0338819 0.515403 -0.143722
-0.404368 0.471752 -0.216459
0.195817 0.509727 -0.162245
0.395785 0.476636 -0.215034
0.423957 0.472948 -0.227614
0.0385954 0.525746 -0.150235
-0.259111 0.511352 -0.180622
-0.444678 0.474511 -0.240329
0.200399 0.519417 -0.16931
0.427666 0.481449 -0.234945
0.290919 0.51127 -0.191316
-0.615217 0.423981 -0.335358
0.294908 0.520096 -0.198421
-0.05585 0.543506 -0.162455
0.351652 0.512721 -0.216764
0.209051 0.537789 -0.18325
0.510002 0.475684 -0.283325
-0.0513884 0.554023 -0.169086
-0.480633 0.487606 -0.271143
0.0524313 0.55552 -0.170152
0.212609 0.546947 -0.19028
-0.284542 0.538377 -0.206788
0.18624 0.55933 -0.192248
-0.0416841 0.574652 -0.182665
0.061422 0.574285 -0.183652
-0.151941 0.568972 -0.191801
-0.190506 0.566305 -0.198123
0.190361 0.567976 -0.199271
-0.0375439 0.583852 -0.189008
0.0659111 0.583559 -0.190609
-0.459809 0.520569 -0.280568
-0.186052 0.576456 -0.204335
0.0981537 0.583019 -0.193492
-0.358303 0.547887 -0.244065
-0.30829 0.563934 -0.233883
-0.0329154 0.59344 -0.195795
0.284069 0.569445 -0.228614
-0.142609 0.588816 -0.204413
0.0701629 0.593128 -0.197955
-0.181701 0.586556 -0.210737
0.102763 0.59224 -0.200818
0.448636 0.536132 -0.284956
-0.398999 0.550959 -0.267031
-0.304559 0.574455 -0.240233
-0.137879 0.599074 -0.211267
-0.177296 0.59639 -0.21713
0.13912 0.599761 -0.212007
-0.215361 0.592963 -0.224104
-0.133532 0.608637 -0.217868
-0.210851 0.603165 -0.230758
-0.129041 0.618377 -0.224785
-0.168232 0.616221 -0.230604
-0.206581 0.613119 -0.237497
0.0225659 0.641811 -0.233469
-0.197316 0.632456 -0.250957
0.216143 0.632787 -0.256453
0.188687 0.644349 -0.258912
-0.0389839 0.659256 -0.249092
0.0636242 0.658833 -0.250406
0.279018 0.636012 -0.280529
0.336473 0.628643 -0.298862
-0.116447 0.677061 -0.273344
0.0435756 0.695694 -0.282985
-0.258894 0.672395 -0.30656
-0.447314 0.625317 -0.360556
0.290634 0.670579 -0.317464
-0.0944915 0.702723 -0.29484
0.266503 0.690387 -0.327436
