36.9 0 0 4.83429e-15 78.95 0 4.83429e-15 4.83429e-15 78.95
-0.0232079 0.474625 -0.120118
-0.0328637 0.471955 -0.11899
0.0402336 0.47135 -0.118972
0.13991 0.461809 -0.124124
0.0986681 0.46346 -0.119392
-0.0268753 0.465557 -0.11539
-0.137427 0.459992 -0.122777
-0.0296662 0.457188 -0.111125
0.137191 0.453183 -0.119203
0.000741159 0.457147 -0.110609
-0.153792 0.451708 -0.12119
0.149047 0.42572 -0.107505
-0.0334379 0.430013 -0.0977966
-0.0815894 0.428865 -0.100323
0.244602 0.412208 -0.122359
0.0461291 0.426341 -0.0966146
0.0186769 0.422011 -0.0936018
-0.1623 0.416222 -0.105339
-0.200979 0.413735 -0.112064
-0.123116 0.419747 -0.100747
-0.165431 0.407182 -0.10176
-0.0568224 0.410557 -0.0899374
-0.169346 0.40369 -0.100913
0.204244 0.394885 -0.10426
0.0420803 0.400739 -0.0847748
-0.256127 0.387217 -0.114302
0.289813 0.376499 -0.120081
0.198936 0.384092 -0.0983918
0.187971 0.384679 -0.0962915
0.167302 0.385771 -0.0927012
-0.104057 0.389353 -0.0848081
0.0700855 0.390074 -0.0818877
-0.14415 0.385397 -0.088578
0.1324 0.385634 -0.0868971
-0.221506 0.379967 -0.101913
0.212997 0.399975 -0.108567
-0.18906 0.379479 -0.0943224
0.124573 0.382416 -0.0844456
0.284472 0.366461 -0.114121
0.198704 0.375292 -0.0946425
0.194844 0.374584 -0.0935108
0.0323327 0.381526 -0.0762076
-0.0651995 0.380125 -0.0773658
0.162408 0.375556 -0.0875412
0.130387 0.377542 -0.0832334
0.0976923 0.378343 -0.079504
-0.0379995 0.379594 -0.0756276
-0.0459218 0.378161 -0.0754
-0.0610891 0.375724 -0.0752839
-0.181463 0.371496 -0.0894715
-0.0401315 0.371891 -0.0725914
0.126972 0.367163 -0.0785506
-0.0815536 0.367109 -0.0734042
-0.0104742 0.367527 -0.0700463
-0.275405 0.353686 -0.1061
0.240212 0.356085 -0.0969484
-0.23371 0.353283 -0.0941464
0.0709375 0.359804 -0.0696727
-0.0543936 0.45714 -0.11227
0.0973077 0.357182 -0.0710478
-0.0132094 0.358916 -0.0667238
-0.0830693 0.357797 -0.0699027
-0.124924 0.354564 -0.0733511
-0.241298 0.347005 -0.0937093
-0.0571836 0.353298 -0.0662385
-0.278629 0.341105 -0.102218
0.0696916 0.352774 -0.0668903
-0.144824 0.348284 -0.0738661
-0.156047 0.345966 -0.0748205
0.356566 0.327036 -0.124838
0.239147 0.338425 -0.0899026
-0.126748 0.345845 -0.0703086
0.0129163 0.347214 -0.0623029
-0.206245 0.340355 -0.0826007
0.355773 0.324873 -0.123711
-0.291607 0.329937 -0.102165
0.118733 0.340628 -0.067329
0.293469 0.323159 -0.100309
0.20293 0.33052 -0.0782754
0.165809 0.33435 -0.0722515
0.0406404 0.336386 -0.0591532
0.351621 0.316402 -0.118948
0.120482 0.335425 -0.0656691
-0.241532 0.326516 -0.0861894
0.0748264 0.334997 -0.0607566
-0.341381 0.313853 -0.114023
0.00440188 0.332027 -0.0567405
0.252018 0.320501 -0.086892
0.203648 0.322879 -0.075729
0.346195 0.305715 -0.113046
0.165934 0.32195 -0.067898
-0.10494 0.324628 -0.0599979
-0.0351531 0.324907 -0.0549075
-0.166555 0.321633 -0.0678993
0.288171 0.312169 -0.0947332
0.28341 0.312138 -0.0932207
-0.144791 0.32108 -0.0640816
-0.18393 0.318379 -0.0700514
-0.222624 0.316247 -0.0778143
0.0684171 0.324868 -0.0567184
-0.301283 0.309101 -0.097955
-0.307206 0.306241 -0.0989778
-0.0464282 0.411213 -0.0896439
-0.0784116 0.31837 -0.055282
0.0666998 0.316942 -0.0539034
0.162075 0.31213 -0.0638875
0.128586 0.312781 -0.0589189
0.284206 0.302745 -0.09029
-0.197011 0.309123 -0.0696077
0.0969711 0.314222 -0.0556161
-0.186726 0.309267 -0.0675369
0.364453 0.282263 -0.112587
0.247567 0.294557 -0.0769905
0.122541 0.299712 -0.0538729
-0.121975 0.299985 -0.0538863
-0.238121 0.291965 -0.0736874
0.178121 0.321129 -0.069866
-0.32268 0.282717 -0.0967012
-0.368891 0.275895 -0.112418
0.0164403 0.293463 -0.0441711
0.241997 0.283951 -0.072202
0.30144 0.278365 -0.0880532
0.359192 0.27141 -0.107074
-0.23667 0.281134 -0.0699726
-0.288676 0.275511 -0.0830704
0.20502 0.275301 -0.0607577
0.044416 0.282337 -0.0417134
0.295488 0.267615 -0.0829018
0.0764146 0.280443 -0.0431759
-0.0984912 0.278898 -0.0447433
0.353178 0.261088 -0.101613
-0.253726 0.268278 -0.0706722
-0.0940179 0.274398 -0.0429908
-0.338275 0.258985 -0.0952918
-0.383661 0.252442 -0.1117
0.13604 0.268074 -0.0462551
0.104191 0.269748 -0.0427223
-0.255172 0.263544 -0.0697142
0.167533 0.266699 -0.0508929
-0.140804 0.267348 -0.0467427
0.140507 0.266378 -0.0464276
-0.180497 0.264291 -0.0525978
0.376119 0.247147 -0.106998
-0.303476 0.251729 -0.0810144
0.253866 0.253866 -0.0666703
0.168713 0.256855 -0.0483901
-0.00377016 0.259838 -0.0343552
-0.0743924 0.258876 -0.0369584
-0.256647 0.250521 -0.066527
-0.394904 0.238377 -0.112742
0.254365 0.249191 -0.0655472
0.284675 0.245992 -0.0734753
0.270823 0.246006 -0.0693357
0.370707 0.236389 -0.101837
-0.269575 0.244852 -0.0686692
0.0245355 0.249087 -0.0318298
-0.0475211 0.246949 -0.0321374
0.218261 0.241143 -0.054372
-0.231823 0.241246 -0.0576315
0.307668 0.232969 -0.0774678
-0.157109 0.243361 -0.042873
-0.196211 0.240608 -0.0494165
0.24286 0.234388 -0.0586812
-0.318983 0.228273 -0.0801409
-0.365058 0.221524 -0.0957545
0.180741 0.231996 -0.0442225
0.148915 0.233552 -0.0391267
0.0841318 0.236005 -0.0318968
0.214547 0.229694 -0.050679
0.116747 0.234514 -0.034923
-0.410199 0.21472 -0.113641
0.387468 0.211617 -0.102734
0.027234 0.230711 -0.0273588
-0.330561 0.214188 -0.0808411
0.167817 0.221078 -0.0392909
-0.376285 0.207551 -0.0970424
0.266243 0.21448 -0.0602593
-0.172846 0.219588 -0.0398409
-0.42067 0.200919 -0.115314
-0.259126 0.212864 -0.0579051
0.32524 0.208295 -0.0775944
0.253515 0.21294 -0.0563968
0.409803 0.197218 -0.109401
-0.296509 0.206726 -0.0676124
0.0356557 0.213309 -0.0236662
0.23021 0.20604 -0.0489212
-0.261598 0.200015 -0.0557753
-0.432464 0.187062 -0.117966
-0.167385 0.343146 -0.0757527
0.40347 0.186664 -0.10425
0.0636698 0.202395 -0.022768
0.431187 0.18266 -0.11642
-0.0395175 0.20202 -0.0214162
-0.345986 0.190595 -0.0813231
0.192832 0.197297 -0.0388083
0.127983 0.199787 -0.0285549
-0.149129 0.198818 -0.0313762
-0.188271 0.195855 -0.0376098
0.28422 0.190143 -0.0602848
0.342211 0.183561 -0.0784811
-0.443595 0.173254 -0.120678
0.0145762 0.412125 -0.0889894
-0.0117915 0.191295 -0.0185383
-0.0822194 0.190486 -0.0217592
0.425396 0.171656 -0.111421
-0.356791 0.176726 -0.0826842
-0.402431 0.169841 -0.100443
-0.276877 0.17683 -0.0555053
-0.238549 0.17885 -0.0454807
0.364485 0.169399 -0.0843285
-0.282377 0.174206 -0.0566467
-0.322685 0.169538 -0.0688011
0.242665 0.173515 -0.0455336
-0.368657 0.16291 -0.0848214
0.301112 0.165394 -0.0608639
-0.412993 0.156209 -0.102762
0.35837 0.158385 -0.0799536
-0.288044 0.162441 -0.0562608
0.0758972 0.16758 -0.0170674
0.205613 0.163786 -0.0351698
0.173109 0.16384 -0.0288205
-0.309732 0.361441 -0.120554
0.141837 0.165585 -0.0240574
-0.098037 0.166764 -0.0188892
-0.0880658 0.389621 -0.0832449
-0.137101 0.163515 -0.0230323
-0.215121 0.157897 -0.0362618
-0.0502641 0.161633 -0.01443
-0.157592 0.157917 -0.0252041
-0.253917 0.155443 -0.0453463
-0.424464 0.142369 -0.105818
0.000148598 0.156113 -0.0122608
-0.230633 0.152794 -0.0390304
0.380821 0.143951 -0.0866254
-0.0707838 0.154745 -0.0145845
0.258484 0.14629 -0.0451256
0.405774 0.136463 -0.0962715
0.317731 0.14029 -0.062255
-0.265132 0.141385 -0.0462099
-0.152838 0.139908 -0.0217023
0.40215 0.129205 -0.0935887
-0.191886 0.137083 -0.0282038
0.0934598 0.36817 -0.0749506
-0.230136 0.134265 -0.0361481
-0.314905 0.124635 -0.0590956
0.395542 0.11846 -0.0892233
0.423414 0.113922 -0.101255
0.275169 0.12142 -0.0463024
-0.0508563 0.12615 -0.00929327
-0.360765 0.117828 -0.074816
-0.241606 0.120445 -0.0371294
0.333326 0.115146 -0.0642462
0.0130596 0.121975 -0.00755281
-0.326238 0.110982 -0.0612497
0.238489 0.112885 -0.035438
-0.352765 0.108693 -0.0706225
0.416804 0.103657 -0.096933
-0.457649 0.100865 -0.116607
-0.3711 0.104324 -0.0772859
0.298035 0.106688 -0.051426
0.444545 0.0989506 -0.109726
0.249507 0.106679 -0.0375209
0.0729216 0.109382 -0.00867869
0.355942 0.100397 -0.0709008
0.16986 0.105521 -0.0201975
0.138 0.106879 -0.0153514
-0.0307977 0.108431 -0.0063732
0.00855298 -0.178182 -0.0160395
-0.241314 -0.260536 -0.0651798
-0.0368542 -0.386969 -0.0786442
-0.270295 -0.377137 -0.114163
-0.0629442 -0.179468 -0.018252
0.339764 -0.212184 -0.0837369
-0.302328 0.0900458 -0.0510587
0.143309 -0.221973 -0.0355361
0.254853 -0.24407 -0.0643292
0.293265 0.0480635 -0.0451777
-0.252502 -0.141323 -0.0427798
0.083054 -0.254777 -0.0365733
-0.119709 -0.375833 -0.0810773
0.185914 -0.251847 -0.0502585
-0.235266 -0.165283 -0.0422258
-0.308731 -0.161326 -0.0626318
0.464268 0.0835601 -0.118256
-0.295196 -0.181058 -0.0618758
-0.221461 -0.250724 -0.0576135
0.256622 0.0394806 -0.0342949
0.057446 0.085492 -0.0053186
-0.269051 -0.250495 -0.0700195
-0.219657 -0.098932 -0.029452
-0.377248 -0.281482 -0.117701
-0.09537 -0.193344 -0.0235152
0.422412 -0.132746 -0.103369
0.313613 -0.249946 -0.0839356
-0.0556935 -0.420493 -0.0944153
-0.271449 -0.334906 -0.0976957
-0.0591011 -0.262256 -0.0368133
-0.267249 0.0337603 -0.036964
-0.0963701 -0.263585 -0.0401896
-0.258792 -0.235727 -0.063272
0.315671 -0.191447 -0.0706454
0.140217 -0.434462 -0.110291
0.194817 -0.406915 -0.10755
0.299992 -0.21416 -0.0704087
0.465739 -0.0131718 -0.115176
0.0359177 0.00399739 -0.000653243
0.276076 -0.258069 -0.0741584
-0.0436898 -0.425449 -0.0960726
-0.390691 -0.0207941 -0.079713
-0.314452 -0.256414 -0.0860131
0.216664 -0.379356 -0.100475
0.207514 -0.266467 -0.0587598
-0.314994 -0.298585 -0.0990973
-0.156152 -0.454611 -0.123105
-0.232205 -0.416739 -0.121132
-0.196591 -0.163385 -0.0332233
0.00183537 -0.273651 -0.0381728
-0.0849035 -0.206808 -0.0253094
-0.0690953 -0.274464 -0.0408882
0.0864383 -0.459096 -0.115828
-0.32967 -0.257923 -0.0918187
-0.0499326 -0.254072 -0.0341046
0.323729 -0.278262 -0.0956937
-0.187836 -0.368169 -0.0894126
0.0513822 -0.339103 -0.0606552
-0.400119 -0.216992 -0.109596
0.31254 -0.116146 -0.0572227
0.153743 -0.116847 -0.0188222
0.205811 -0.393226 -0.103889
0.386761 -0.275345 -0.119886
-0.469005 -0.11122 -0.123835
-0.425839 0.0351052 -0.0958825
0.313124 -0.265307 -0.0880978
-0.241125 -0.12653 -0.0377895
0.473029 -0.00294693 -0.118958
-0.0987681 -0.433109 -0.104086
-0.145986 -0.237828 -0.039726
-0.252989 -0.274327 -0.0722387
0.196696 -0.237078 -0.04863
0.128694 -0.19542 -0.0277609
0.000898589 -0.400484 -0.0836967
-0.00879679 -0.287279 -0.0421933
-0.186784 -0.282768 -0.0591739
0.095123 -0.152753 -0.0163242
-0.359893 -0.305947 -0.118596
-0.0268587 -0.276393 -0.0393306
0.228674 -0.28061 -0.0678162
0.303143 -0.220942 -0.0730218
-0.249378 -0.218559 -0.0565792
0.118937 0.36849 -0.0780079
-0.0797489 -0.288429 -0.0458254
-0.0807496 -0.373242 -0.0757869
-0.252503 -0.358567 -0.101294
-0.137596 -0.435908 -0.110589
0.41988 0.00676558 -0.0924455
0.00442967 -0.475251 -0.120161
-0.0430385 -0.288836 -0.0435893
-0.11904 -0.291097 -0.0507412
-0.383059 -0.107963 -0.0826072
-0.121411 -0.389793 -0.0871359
-0.297356 -0.281712 -0.0877405
0.110959 -0.391597 -0.086578
0.227231 -0.365321 -0.0972783
-0.157928 -0.293899 -0.0573007
-0.165631 0.0187374 -0.0139902
-0.091973 -0.076647 -0.00719277
0.286342 -0.286736 -0.0857842
-0.0726423 -0.297881 -0.048165
0.254846 0.0882561 -0.0370542
-0.279582 0.0689961 -0.0423604
-0.0190921 -0.300351 -0.0463623
0.248909 -0.0715077 -0.0341164
-0.0173861 -0.0359713 -0.000798423
0.226446 -0.00789867 -0.0260084
-0.229047 -0.291561 -0.0712753
0.129646 -0.446833 -0.114827
0.315139 -0.286526 -0.0952403
0.407273 -0.156288 -0.100165
0.313911 0.0815937 -0.0540602
0.399943 0.0220096 -0.0837241
0.0209426 -0.305572 -0.0480615
-0.417263 -0.100596 -0.0967991
-0.298521 -0.146748 -0.0569462
-0.129517 -0.304716 -0.056404
0.204677 0.00709729 -0.0211963
0.188441 0.0322519 -0.0184452
-0.208745 -0.0849566 -0.025727
0.00665382 -0.310512 -0.0494538
-0.135266 -0.223442 -0.0347143
0.275967 -0.30162 -0.0873841
-0.433786 -0.20959 -0.1237
-0.218545 -0.190278 -0.0429042
-0.104486 -0.312513 -0.0558506
0.253241 0.0933203 -0.0371082
-0.0721473 -0.316781 -0.0542493
-0.188072 -0.278489 -0.0581545
0.0545829 -0.393443 -0.0822727
-0.0602154 -0.429328 -0.0988611
-0.348484 0.0833087 -0.0663948
-0.117975 -0.248225 -0.0385083
-0.190546 -0.201116 -0.0391439
0.263967 -0.39939 -0.122043
0.264605 -0.303858 -0.0847652
0.181535 -0.316832 -0.0690529
-0.0604354 -0.321314 -0.0549579
0.0465814 -0.217889 -0.0251386
0.391409 -0.179796 -0.0975187
-0.0666474 -0.325692 -0.0568761
-0.440384 -0.0795537 -0.105722
-0.0395703 -0.326725 -0.0557092
0.223732 -0.200295 -0.0461521
-0.331467 -0.231859 -0.0854667
0.44885 -0.137737 -0.117072
0.201423 -0.238161 -0.0498905
-0.263476 -0.35745 -0.104003
0.228324 -0.323245 -0.0816425
-0.153477 -0.298926 -0.0581466
0.094406 -0.328528 -0.0602358
-0.0417234 0.418992 -0.092969
-0.0204692 -0.329396 -0.05603
-0.0805932 -0.330861 -0.0597681
-0.101447 -0.370598 -0.0767635
0.0107998 0.303029 -0.0470797
0.181502 -0.32569 -0.0721083
0.126449 -0.32973 -0.0644315
0.0980676 0.366674 -0.0748337
0.360129 -0.312079 -0.120845
0.0568767 -0.33609 -0.059889
0.0651935 -0.444709 -0.106701
-0.476182 -0.0241203 -0.120984
-0.315747 -0.341495 -0.11474
0.183532 -0.420405 -0.111419
0.122091 -0.206155 -0.0291272
-0.204248 -0.427716 -0.119465
-0.297945 -0.323872 -0.102038
0.184695 -0.333243 -0.075426
0.202061 -0.185514 -0.0383577
-0.0579056 -0.338982 -0.060991
0.323334 -0.321258 -0.109916
0.0974234 -0.446337 -0.110454
0.35975 -0.269236 -0.10664
0.328572 -0.183476 -0.0735138
-0.0199956 -0.343282 -0.0609806
0.399231 -0.0264903 -0.0835323
-0.0952824 -0.340371 -0.0645487
-0.388557 -0.160841 -0.0927217
-0.0741296 -0.192889 -0.0215836
-0.179308 0.102159 -0.0215257
0.285927 -0.329132 -0.100045
-0.197888 -0.258682 -0.0545245
-0.242537 -0.388001 -0.110826
0.411795 -0.237161 -0.120125
0.181015 -0.170452 -0.0314032
-0.196845 -0.339493 -0.0802194
0.217373 -0.337977 -0.0842923
-0.193394 -0.321911 -0.0731925
0.426857 -0.031523 -0.0962304
-0.425208 -0.0139313 -0.0950113
-0.0198004 -0.385532 -0.0775179
-0.158438 -0.37854 -0.0880763
0.0537129 -0.0878637 -0.00531669
0.172498 -0.434064 -0.115787
-0.3487 -0.11507 -0.0698566
0.110119 -0.348682 -0.0692505
0.303123 0.148078 -0.0586238
0.416491 0.0266945 -0.091252
-0.392961 -0.028104 -0.0808746
0.270678 -0.0863483 -0.0412104
0.0116479 -0.428782 -0.0966671
0.254479 -0.110198 -0.0392207
-0.270372 -0.342345 -0.100168
0.169285 -0.271298 -0.0525087
0.433884 -0.161393 -0.113605
0.0335678 -0.355786 -0.0660354
-0.140296 -0.353051 -0.0749746
0.275344 -0.344035 -0.102322
0.151456 -0.0735841 -0.0142787
-0.0571344 -0.35542 -0.0670411
0.153759 -0.354216 -0.0775633
-0.383193 -0.200163 -0.0982806
0.0590183 -0.358713 -0.0684198
-0.0120804 -0.369226 -0.070739
0.42876 -0.213621 -0.122201
0.0561762 -0.360876 -0.0690797
-0.416943 0.097096 -0.0962686
-0.268499 0.0823908 -0.0402501
-0.100336 0.0588874 -0.00679057
0.136971 -0.244686 -0.0401209
0.432687 -0.0704528 -0.101213
-0.412482 -0.139317 -0.0997503
0.465995 0.0352835 -0.115916
-0.401063 -0.032938 -0.0845419
0.0397998 -0.0359482 -0.00143918
-0.05109 0.0601866 -0.00312118
-0.415238 0.0488871 -0.0916019
0.462975 -0.114003 -0.12099
0.244124 -0.276993 -0.070657
0.402132 -0.208567 -0.10849
0.136697 -0.397691 -0.0927206
-0.211788 0.21697 -0.0470729
-0.0406244 -0.368957 -0.0714417
-0.242757 -0.358727 -0.0986763
0.205367 -0.363425 -0.0912943
0.0365184 -0.370861 -0.0720297
0.271084 0.0493317 -0.0387093
-0.00983146 -0.372418 -0.0719868
-0.21469 -0.399203 -0.108627
-0.0269098 -0.46072 -0.112863
0.00179186 -0.384599 -0.0769181
-0.167287 0.0672207 -0.016386
0.150518 -0.369066 -0.0828659
0.187308 -0.114872 -0.0244386
0.0334355 -0.443617 -0.104407
-0.0739792 -0.374927 -0.0759022
-0.201153 -0.384909 -0.0992323
-0.0569585 -0.372819 -0.0738458
0.336045 0.0671639 -0.0605517
-0.0478887 -0.374988 -0.074208
-0.197528 -0.0715879 -0.0223201
-0.404547 0.0628133 -0.0876426
0.0278624 -0.072778 -0.0030411
0.275829 -0.124973 -0.0469521
-0.422896 -0.15461 -0.107109
-0.372523 -0.227069 -0.100186
-0.149972 -0.375846 -0.0855338
0.345142 -0.159981 -0.0751848
0.0131087 -0.448327 -0.106226
0.0607687 -0.275058 -0.0404948
0.205541 0.300239 -0.0685445
-0.224637 -0.327896 -0.0823819
-0.0692336 -0.439636 -0.104496
-0.438928 0.0691844 -0.104145
0.0169968 -0.0094982 -0.000189571
0.185675 -0.117818 -0.0244778
0.0218166 -0.416168 -0.0909739
-0.0449259 0.0364406 -0.00167453
0.24302 -0.157134 -0.0427904
-0.0459126 -0.366754 -0.0708158
-0.0169694 -0.460637 -0.112574
0.175541 -0.222229 -0.0409382
0.194528 -0.365081 -0.0895742
0.244076 0.348644 -0.0950834
0.423926 -0.140104 -0.105205
-0.201524 -0.214987 -0.0444012
0.065783 -0.359324 -0.0691086
0.0300039 -0.395673 -0.0820987
-0.247917 -0.359845 -0.100529
-0.365641 -0.224208 -0.096652
0.294901 0.238403 -0.0746908
-0.148064 -0.407287 -0.0987818
-0.468293 0.0869376 -0.120714
-0.393645 0.0766243 -0.0839367
-0.0704228 -0.402064 -0.0871009
0.447075 0.00196961 -0.105506
-0.31392 0.0758708 -0.0535868
0.315737 0.0333213 -0.0517386
-0.290474 0.0551621 -0.0447085
0.0034064 -0.229689 -0.0267419
-0.0670042 -0.187137 -0.019954
-0.00433205 -0.0239929 -0.000297256
0.22547 0.0441207 -0.0267494
-0.038141 -0.445254 -0.105408
0.284836 -0.371586 -0.116376
0.143133 -0.350195 -0.0743237
0.2894 -0.210674 -0.0662634
0.207651 -0.150291 -0.0334113
0.189264 -0.0165186 -0.0182127
-0.237815 -0.383934 -0.10779
0.0566031 -0.113088 -0.00802858
-0.00680232 -0.235873 -0.0282398
-0.230434 -0.112848 -0.0334777
-0.109672 -0.404992 -0.0922811
0.0282479 -0.468998 -0.117253
0.252056 -0.313697 -0.0845426
-0.0480059 -0.381332 -0.0768092
0.328223 -0.0925958 -0.0599492
-0.132325 -0.34708 -0.0715467
-0.150913 -0.351149 -0.0759225
-0.066949 -0.476709 -0.123492
0.197854 -0.355954 -0.0866815
-0.209456 -0.378643 -0.0984692
-0.270124 -0.187009 -0.0555104
0.203303 0.0557649 -0.0224734
0.358601 0.00351587 -0.0665158
0.274318 -0.385169 -0.118867
0.238462 -0.309345 -0.0794343
0.0679549 0.380055 -0.0775358
-0.107726 -0.073283 -0.00852398
0.0434711 -0.431076 -0.0987323
-0.286108 -0.225339 -0.0686761
-0.236479 -0.0745086 -0.0312245
-0.0510988 -0.178191 -0.0173317
0.29189 -0.101402 -0.0489386
-0.106791 -0.355349 -0.0713867
0.437033 -0.108764 -0.107155
-0.383455 -0.139345 -0.0870128
0.291955 -0.192221 -0.063083
-0.140554 0.105011 -0.0155117
0.159235 -0.155055 -0.0250117
0.228783 -0.147971 -0.0378342
0.161043 -0.405756 -0.100318
0.271569 -0.177389 -0.0540701
-0.0033661 -0.192438 -0.0186967
0.012617 -0.433185 -0.0987832
0.108018 0.333419 -0.0634297
0.186987 0.0807492 -0.020962
0.398697 0.0705483 -0.085635
0.210422 -0.144403 -0.033113
-0.309074 -0.0695737 -0.0515103
0.148002 -0.0780026 -0.0140938
0.127394 -0.154159 -0.0202012
-0.342219 -0.121509 -0.0682695
0.307642 -0.0777535 -0.05168
0.33726 0.0184883 -0.0587702
0.38031 -0.151059 -0.0875607
-0.293115 -0.0943796 -0.0485926
-0.285857 -0.148588 -0.0533177
0.315554 -0.0150334 -0.0512115
0.270297 -0.0191059 -0.0374127
0.279711 -0.0242184 -0.0402214
0.0941237 -0.395057 -0.0861779
-0.260712 -0.406306 -0.124246
-0.337004 0.0971829 -0.063526
0.115828 -0.343553 -0.0680367
-0.209304 -0.0722147 -0.0248197
0.279116 0.024723 -0.040061
0.391469 -0.0889121 -0.0841144
-0.0467728 -0.420437 -0.0938848
0.360835 -0.136339 -0.0773896
0.0897246 -0.205265 -0.0254151
-0.0472257 -0.415893 -0.0918134
-0.218362 0.0993827 -0.0292059
-0.354511 -0.077026 -0.0681263
0.173458 -0.396114 -0.0983317
0.317276 -0.201108 -0.0732359
0.110671 -0.220768 -0.0309728
-0.205119 0.0158597 -0.0213916
-0.0960917 -0.221087 -0.0294915
-0.0618008 -0.381259 -0.0775997
0.444067 -0.190173 -0.124421
-0.0875777 -0.213154 -0.0269145
-0.246666 -0.179941 -0.0477516
0.458913 -0.0753363 -0.114719
-0.0934252 0.0675986 -0.00667117
0.179845 -0.0790584 -0.0194872
0.0226875 -0.391819 -0.0802374
0.07842 -0.21997 -0.0276505
-0.15001 -0.229823 -0.038398
0.0355597 -0.231782 -0.0278825
-0.0582448 -0.304789 -0.0493627
0.417748 -0.0939837 -0.0963109
-0.309556 -0.116084 -0.0562312
-0.439738 -0.170975 -0.118298
0.172899 0.00859551 -0.015098
-0.0564156 -0.388959 -0.0804741
0.20216 -0.13293 -0.0297108
-0.256107 0.0475525 -0.0345218
-0.354927 -0.168958 -0.0805001
-0.103052 -0.0347924 -0.00593267
0.00362529 -0.217564 -0.0239606
0.164436 -0.237006 -0.042509
0.0259408 0.380561 -0.0756079
0.265566 -0.229558 -0.0636358
0.18828 -0.232806 -0.0458764
-0.478042 0.024306 -0.121999
-0.107099 -0.234919 -0.0339033
-0.246332 -0.0705628 -0.0333866
-0.419757 -0.11147 -0.0992344
-0.173547 -0.2261 -0.0414803
-0.0514667 0.0943832 -0.00579529
-0.172434 -0.220752 -0.0400339
-0.30325 -0.10832 -0.0532656
0.245219 -0.214984 -0.0546695
-0.394175 -0.122954 -0.0892266
-0.416825 -0.193111 -0.111763
0.255351 -0.20555 -0.055254
-0.0146412 -0.2069 -0.0217475
-0.337522 -0.192437 -0.0785628
-0.382289 0.0903908 -0.080389
-0.0506271 -0.196241 -0.0207522
-0.314647 -0.123293 -0.0588326
0.158175 0.0443307 -0.0135845
-0.277044 -0.0289745 -0.0395796
0.250246 -0.16284 -0.0456102
0.395711 -0.127331 -0.0904946
-0.277767 0.0203604 -0.0395673
-0.229115 -0.159687 -0.0397884
0.000666533 -0.019996 -0.000200162
-0.266849 -0.118309 -0.0435511
0.207624 -0.132814 -0.0308495
0.134859 0.0576476 -0.0108136
0.376336 -0.112743 -0.0804022
-0.167236 -0.108769 -0.0201013
0.0179484 -0.0734888 -0.00286548
0.369958 -0.0247476 -0.0712811
0.279541 -0.034223 -0.0404764
-0.160721 -0.0352193 -0.0136286
0.110873 -0.0354416 -0.00679754
-0.311196 -0.0213408 -0.049894
0.37746 0.0855565 -0.0779349
0.242213 0.0161828 -0.029912
0.0312144 -0.451271 -0.108159
0.109577 0.0407189 -0.00685606
