36.9 0 0 4.83429e-15 78.95 0 4.83429e-15 4.83429e-15 78.95
-0.390454 -0.0216732 -0.0796325
0.0972535 -0.405491 -0.0910891
-0.476076 -0.0253842 -0.120962
-0.382763 -0.242786 -0.108626
-0.168761 0.341205 -0.0752844
-0.0690323 -0.31778 -0.0543518
-0.167022 0.0671112 -0.0163335
0.0157518 -0.46253 -0.113536
-0.402311 0.168995 -0.10023
0.248591 -0.0721977 -0.034086
-0.196964 -0.0717995 -0.0222219
-0.334855 -0.0692263 -0.0602766
0.432221 -0.0713898 -0.101063
0.370926 -0.0749761 -0.074369
0.307096 -0.0781273 -0.0515338
0.119492 -0.301137 -0.0539353
0.458586 -0.0765549 -0.114653
0.21631 -0.337495 -0.0838629
0.0493293 -0.43948 -0.103103
0.264034 -0.357522 -0.104197
-0.279045 0.068668 -0.0421803
-0.277863 0.0199977 -0.0395873
-0.191764 0.136591 -0.0281103
-0.0747482 -0.102515 -0.00808094
0.417799 -0.0948751 -0.0964276
-0.393547 0.0756299 -0.0838118
-0.214074 -0.357892 -0.0911074
-0.22606 0.369172 -0.0985518
0.442926 -0.0997906 -0.109012
-0.208038 -0.0854168 -0.025616
-0.417979 -0.102541 -0.097349
0.24426 -0.12473 -0.0383455
0.0471818 -0.464758 -0.11582
0.195176 -0.364984 -0.0896741
-0.382795 -0.108422 -0.0825509
-0.0425608 0.369425 -0.0717147
0.308725 0.232782 -0.0777737
0.172842 0.00848231 -0.015087
-0.213891 -0.137976 -0.0329357
-0.416839 -0.235579 -0.122078
-0.468579 0.0857271 -0.120748
0.0882157 0.132799 -0.0127906
0.360023 -0.136893 -0.0771543
-0.182748 -0.443741 -0.122676
0.421534 -0.133493 -0.103067
-0.213445 -0.314712 -0.0751229
-0.379761 -0.140505 -0.0856478
0.228489 -0.147813 -0.0377401
-0.478023 0.023169 -0.121958
0.270093 -0.0866972 -0.0410769
-0.314706 -0.300261 -0.0995538
-0.342848 -0.154318 -0.073371
0.0282958 0.145042 -0.0109792
-0.123151 -0.429937 -0.105579
-0.091192 -0.168241 -0.0184813
0.344116 -0.160521 -0.0748963
0.406078 -0.156929 -0.0997366
-0.33849 -0.101769 -0.0645496
-0.388307 -0.1629 -0.0929824
0.370697 0.0756403 -0.0743315
-0.411311 -0.140373 -0.0993788
0.23687 0.273177 -0.0676553
-0.207211 -0.176766 -0.037806
0.265314 -0.315776 -0.0890146
0.237935 -0.177096 -0.0450007
-0.102281 -0.182192 -0.0220712
0.115971 -0.168566 -0.0211556
0.152668 0.225557 -0.0378064
0.202123 -0.185125 -0.0382957
0.4623 -0.115177 -0.120789
0.249692 -0.162648 -0.0454322
-0.440306 -0.172629 -0.118904
-0.147258 -0.365375 -0.0808611
-0.29207 -0.187114 -0.0620854
0.156271 0.301089 -0.0592956
0.432639 -0.162292 -0.11316
-0.193917 -0.415539 -0.111336
0.0328947 0.379833 -0.0755299
-0.370914 -0.186224 -0.090196
0.278424 0.291703 -0.0849102
-0.384022 0.251057 -0.111463
-0.190689 -0.201957 -0.0393487
-0.337344 -0.193916 -0.0788075
0.200448 0.183557 -0.0376449
-0.435348 -0.119246 -0.10767
0.16226 -0.406448 -0.100849
-0.124118 -0.210568 -0.0303319
-0.365406 -0.226423 -0.0971096
0.111196 -0.220322 -0.0309316
0.401138 -0.209386 -0.108235
-0.319826 -0.218144 -0.0779781
-0.296645 -0.222291 -0.0712436
-0.0651848 0.39096 -0.0819036
0.033918 -0.275274 -0.0392328
-0.280261 0.343553 -0.10366
0.472719 -0.00396542 -0.118796
-0.136962 -0.394272 -0.0912697
0.426857 -0.214214 -0.121419
-0.0460939 0.0853968 -0.00471977
-0.0979117 -0.238338 -0.0337659
-0.400132 -0.218872 -0.110062
-0.405985 0.110235 -0.092793
-0.067694 -0.436053 -0.102629
0.0563342 -0.247335 -0.0327089
0.143087 -0.221612 -0.0354202
0.254889 -0.243809 -0.0642709
-0.230895 -0.247226 -0.0589545
0.417638 0.102915 -0.0972339
-0.441078 -0.0811014 -0.106203
-0.180383 -0.187724 -0.0344838
-0.42572 0.0342249 -0.0957924
-0.230473 -0.113486 -0.0335617
-0.460131 0.0354857 -0.112858
-0.295673 0.319268 -0.0996415
-0.059592 -0.346492 -0.0638419
0.342432 0.295533 -0.108148
-0.303176 -0.24308 -0.07859
0.242657 -0.386489 -0.1102
0.311201 0.16745 -0.0645247
-0.318845 0.227113 -0.0798056
0.301025 -0.350094 -0.112972
0.0888209 0.358177 -0.0705808
-0.34835 -0.249639 -0.0964888
0.195933 -0.323441 -0.074259
0.230013 0.190246 -0.0455889
-0.377495 -0.147192 -0.0857617
-0.206442 0.402884 -0.108335
-0.17545 -0.269468 -0.0531082
-0.107631 -0.423627 -0.10058
-0.331778 -0.31715 -0.111552
-0.366258 -0.267675 -0.108818
0.402407 -0.252542 -0.120062
-0.371639 0.103676 -0.07743
-0.0137349 0.422268 -0.093633
-0.107569 -0.277254 -0.045244
-0.213204 -0.272491 -0.0617609
0.466205 0.0343275 -0.11599
-0.146262 -0.280243 -0.0512791
0.349554 -0.284216 -0.107233
-0.401413 -0.26107 -0.122099
0.065309 -0.40401 -0.0875796
0.198969 -0.441013 -0.124832
0.349069 -0.326852 -0.121753
0.385731 0.0410156 -0.0783009
0.231235 -0.40036 -0.113297
0.426577 -0.0325392 -0.0961345
-0.0268601 -0.432823 -0.0989211
0.086973 -0.41796 -0.0957073
-0.0175661 -0.420027 -0.0926583
0.00272667 -0.139444 -0.00977383
0.119213 -0.419212 -0.0999727
0.173198 -0.392439 -0.0966762
-0.0626383 0.335882 -0.0601809
0.465431 -0.0141595 -0.115029
-0.197222 -0.162637 -0.0332256
-0.25807 -0.236357 -0.0632315
-0.294721 0.383293 -0.124657
-0.199927 -0.29069 -0.0643032
-0.21899 0.358461 -0.092504
-0.00917205 -0.315645 -0.051167
-0.0553658 0.473927 -0.121178
0.255135 0.248003 -0.0654407
-0.284951 0.220377 -0.0671349
0.00208153 -0.315603 -0.0511111
0.444427 0.0982113 -0.109585
0.375984 -0.246894 -0.106871
-0.281587 -0.172361 -0.0560719
-0.260297 0.244418 -0.06592
0.378607 -0.277401 -0.116991
0.242805 0.283962 -0.0724163
-0.311327 0.182645 -0.067414
0.419933 0.160776 -0.106799
-0.0949509 -0.466943 -0.120825
-0.0351785 -0.233388 -0.0282529
-0.14769 -0.323166 -0.0652532
-0.0809748 -0.222766 -0.0284968
0.383248 0.220921 -0.103164
0.0438904 -0.389218 -0.0799006
-0.242128 -0.347006 -0.0939309
0.111955 -0.467658 -0.123209
-0.274579 -0.211232 -0.0619237
0.464936 0.0825775 -0.118515
-0.241282 -0.303472 -0.0782152
0.292283 -0.23605 -0.0732577
-0.349109 -0.116074 -0.0701346
0.382695 0.200693 -0.098187
-0.325867 0.110346 -0.061046
-0.34928 -0.334985 -0.124906
0.419993 0.00609193 -0.0924933
0.0227935 -0.373885 -0.0728052
-0.338784 0.258099 -0.095229
-0.0592232 -0.303906 -0.0491405
-0.14248 -0.377049 -0.0848316
0.00704985 0.472633 -0.118769
0.0607224 0.368888 -0.0725116
0.27887 0.0244804 -0.0399832
0.313012 -0.292955 -0.0965617
0.0525929 0.418325 -0.0932264
-0.286837 -0.310463 -0.0937231
-0.153021 0.139138 -0.0216211
-0.260114 -0.364717 -0.105952
0.366026 -0.218224 -0.0953436
0.385258 -0.275436 -0.119255
-0.083184 0.302202 -0.0503926
0.10324 -0.312554 -0.0557272
-0.10886 -0.32036 -0.0589798
0.156298 0.188567 -0.030457
-0.203812 -0.386248 -0.100404
-0.0843846 0.420499 -0.0966399
0.13252 -0.236069 -0.0373423
-0.311771 0.295841 -0.0970733
-0.0697432 0.361115 -0.0700904
0.39888 0.0701771 -0.0856861
-0.348926 -0.292477 -0.109659
0.27619 0.346126 -0.103386
-0.404655 0.0618063 -0.0876214
0.354889 0.261141 -0.102303
-0.438955 0.0680903 -0.104075
-0.30268 0.089354 -0.0511056
-0.409738 0.213499 -0.113133
-0.133617 -0.375166 -0.0827231
-0.346387 0.189755 -0.0813002
0.0336233 -0.402055 -0.0850019
0.175154 -0.265978 -0.0520672
-0.188475 0.195014 -0.0374789
0.329195 0.329366 -0.115043
-0.357318 0.288681 -0.111751
-0.413638 0.155009 -0.102851
-0.235028 0.237092 -0.057371
-0.211961 0.215981 -0.046887
0.447123 0.000894472 -0.105528
-0.098107 -0.391246 -0.0849581
0.0755639 -0.391575 -0.0829619
-0.331723 -0.275036 -0.097606
0.396471 0.117698 -0.0895287
0.296746 0.26741 -0.083248
-0.204502 -0.349807 -0.0857712
0.336844 0.284995 -0.102607
0.184557 -0.378737 -0.093084
0.257031 0.0393747 -0.0343992
-0.395041 0.124182 -0.0897682
-0.26928 0.243515 -0.0682337
0.334281 0.114724 -0.0645349
-0.206248 0.0642292 -0.0236105
-0.314168 0.350684 -0.117776
-0.29262 0.265115 -0.0812574
-0.268376 0.0822078 -0.0401999
0.275289 -0.301681 -0.0871993
0.13007 -0.4064 -0.09561
-0.185634 -0.325864 -0.0729874
0.0302828 -0.321755 -0.0536615
0.190108 0.36376 -0.0881133
-0.292144 0.10331 -0.0492219
-0.149607 0.197834 -0.0312486
-0.226348 -0.0129537 -0.0260397
-0.106513 0.323045 -0.0596294
0.267485 0.214666 -0.0606542
0.120765 0.356531 -0.0735543
-0.100786 0.352596 -0.0696677
-0.109069 0.377401 -0.0803957
0.123805 0.302283 -0.0548558
0.375465 0.0283915 -0.0735984
0.270247 0.335886 -0.097699
-0.421842 0.199867 -0.115634
0.179835 0.11142 -0.0226337
-0.415352 0.0479809 -0.0916056
0.195301 0.374267 -0.0934781
0.0097558 0.401401 -0.0841497
-0.0672502 0.21343 -0.025359
0.356104 0.100157 -0.0709369
0.251796 0.0746328 -0.0351018
0.40505 0.186373 -0.104902
0.0639419 0.314663 -0.0529528
-0.417022 0.0965533 -0.0962466
0.12233 0.42076 -0.101114
-0.207282 0.113375 -0.0283107
-0.354015 0.234324 -0.0945909
-0.359922 0.117409 -0.0744345
0.359246 0.158375 -0.0802935
0.318187 0.140242 -0.0624023
0.295089 0.154631 -0.0571257
0.336658 0.172877 -0.0743785
-0.365204 0.220308 -0.0955165
-0.227419 0.192622 -0.0454439
-0.219549 0.260659 -0.0598643
-0.277305 0.28884 -0.0836631
-0.226991 0.306206 -0.0754932
0.212897 0.230267 -0.0504465
0.249262 0.238669 -0.0614341
-0.203911 0.284232 -0.0631796
0.200296 0.264886 -0.0567519
0.284374 0.302424 -0.0902357
-0.261653 0.312571 -0.0868531
0.281017 0.356962 -0.109154
-0.12812 0.408221 -0.0961521
-0.244309 0.400758 -0.11699
0.0429895 0.464717 -0.115585
0.168074 0.450906 -0.123396
