36.9 0 0 4.83429e-15 78.95 0 4.83429e-15 4.83429e-15 78.95
-0.055371 0.473773 -0.121095
-0.0588781 0.465162 -0.116734
0.426543 -0.0325397 -0.0961181
0.0133439 -0.30226 -0.0468678
0.344006 -0.160659 -0.0748791
-0.197034 -0.0718448 -0.0222394
-0.342727 -0.15456 -0.0733667
0.458527 -0.0770242 -0.114664
-0.0877891 -0.420758 -0.097085
0.220288 -0.413958 -0.116761
-0.0394481 -0.087645 -0.00462961
0.276511 0.346708 -0.10371
0.269925 -0.0869209 -0.0410498
-0.441063 -0.0813343 -0.106217
-0.475981 -0.0254935 -0.120914
-0.279153 0.0684798 -0.0421984
0.38077 0.0609531 -0.0773413
-0.292215 -0.0951606 -0.0483936
-0.00600919 -0.447577 -0.105775
-0.00363741 -0.100819 -0.00510189
-0.0746551 -0.102559 -0.00807855
0.417675 -0.094881 -0.0963712
-0.193093 -0.41505 -0.110928
-0.459308 -0.0986124 -0.117214
-0.366764 -0.310666 -0.12309
-0.319698 -0.218012 -0.0779022
0.384007 -0.106091 -0.0827852
0.121547 -0.115845 -0.0141976
0.0978358 -0.405263 -0.09105
-0.383253 -0.10897 -0.0828074
0.375311 -0.113327 -0.080055
0.206502 -0.308821 -0.0715675
-0.202333 -0.124625 -0.0286453
0.370709 0.0744466 -0.0742396
0.0477675 -0.46393 -0.115417
-0.287502 -0.355031 -0.110452
0.00823107 0.337017 -0.0585373
-0.207954 -0.0855134 -0.0256066
-0.331641 -0.276272 -0.0979536
0.249489 0.238621 -0.0614824
0.265879 -0.139562 -0.0461495
0.0266054 -0.146353 -0.0111255
-0.109113 -0.144518 -0.0165322
0.0249291 -0.0289788 -0.000730884
-0.0694774 -0.317386 -0.0542521
0.42153 -0.13364 -0.103087
0.359999 -0.137073 -0.0771718
0.313625 -0.141162 -0.0610043
-0.0607628 0.0637964 -0.00388861
0.209799 -0.427077 -0.12046
0.447207 -0.13858 -0.11637
-0.274731 -0.335993 -0.0990941
-0.297585 -0.147717 -0.0568016
-0.411105 -0.140357 -0.0992821
0.112036 -0.466963 -0.122849
0.247274 -0.113244 -0.0376948
0.382973 0.2005 -0.098262
-0.377317 -0.14771 -0.0857715
-0.295777 0.319034 -0.0995925
-0.19747 -0.162862 -0.0333142
0.0837039 -0.16746 -0.0176808
-0.0910718 -0.16833 -0.0184853
-0.13697 -0.394321 -0.091292
0.40612 -0.15722 -0.0998064
0.185777 -0.251528 -0.0501471
-0.0266512 -0.433824 -0.0993966
0.0235329 -0.288925 -0.0429375
-0.105814 0.323012 -0.0595392
-0.371939 0.264866 -0.110333
0.226328 0.37161 -0.0996213
0.235807 0.23392 -0.0567733
-0.406072 0.110115 -0.0928175
-0.384182 -0.285792 -0.122089
0.312209 -0.292655 -0.0961863
-0.281701 -0.172429 -0.0561183
-0.338598 0.257661 -0.0950347
0.0146831 -0.186641 -0.0176815
0.00629455 -0.11032 -0.00612384
-0.245915 0.336382 -0.0909495
-0.247387 0.354398 -0.0982232
-0.416968 0.0965121 -0.0962172
-0.0978981 -0.391547 -0.0850644
-0.27497 -0.211723 -0.0621486
-0.151742 -0.198834 -0.0317855
-0.180004 -0.187978 -0.0344624
-0.284893 0.220018 -0.0670326
0.155935 0.188299 -0.0303467
-0.190729 -0.202475 -0.0394656
-0.00164759 -0.20739 -0.0217431
-0.336875 0.0538741 -0.0599932
-0.296351 -0.221841 -0.0710422
-0.0180012 0.41209 -0.0890347
-0.312006 -0.197927 -0.0707653
0.442753 -0.191198 -0.123979
-0.123929 -0.210738 -0.0303449
-0.207653 0.338319 -0.0821655
0.282013 -0.206744 -0.0631299
-0.425783 0.0340181 -0.0958142
-0.0670489 -0.436085 -0.102596
-0.182615 -0.443947 -0.122753
-0.238289 -0.110307 -0.0350902
0.111203 -0.220499 -0.0309727
0.3075 -0.169173 -0.063611
0.30693 -0.0781296 -0.0514804
0.00247331 -0.316161 -0.0512976
-0.152176 0.365793 -0.0818292
0.465001 0.0822793 -0.118522
0.365928 -0.218259 -0.0953123
0.121902 0.420187 -0.100788
-0.468694 0.0855697 -0.120793
-0.17097 0.396232 -0.0979083
-0.0462391 0.08528 -0.00471649
-0.399879 -0.219507 -0.110105
0.466079 0.0337424 -0.115901
-0.231458 -0.375494 -0.102542
-0.365621 -0.226564 -0.0972319
0.355181 -0.189486 -0.0846086
-0.348639 -0.29251 -0.109557
0.391261 -0.224303 -0.107474
0.191246 0.391392 -0.0998684
-0.365807 -0.267844 -0.108684
-0.213693 -0.138145 -0.0329161
0.088472 -0.249106 -0.0355732
0.0329757 0.379899 -0.0755601
0.254817 -0.243886 -0.0642714
0.0758148 -0.391119 -0.0827877
-0.277871 0.0199165 -0.0395882
-0.41389 0.154952 -0.102958
-0.230431 -0.247656 -0.0589539
-0.302771 -0.242963 -0.0784259
0.105051 0.0929715 -0.00988858
0.265018 -0.272581 -0.0750866
0.131621 0.25793 -0.0428437
-0.416834 -0.235691 -0.122105
-0.203343 -0.258407 -0.0556074
0.253575 -0.37184 -0.107008
0.349035 -0.284276 -0.107049
-0.259203 -0.364371 -0.105546
0.375427 -0.246934 -0.106648
0.354986 0.26143 -0.102426
-0.279894 0.342669 -0.103207
-0.356822 -0.0286075 -0.0662657
0.204188 -0.431498 -0.121298
-0.174724 -0.269369 -0.0529458
0.0343974 -0.275124 -0.0392068
0.302713 -0.264809 -0.084445
-0.286091 -0.268038 -0.0800501
-0.355037 -0.209256 -0.0888688
0.263913 -0.357727 -0.104243
-0.268511 0.0820416 -0.0402235
-0.436472 0.175601 -0.117585
-0.129662 0.343773 -0.0699421
-0.146379 -0.280545 -0.0513865
0.0657138 -0.403331 -0.0873084
-0.400143 -0.260922 -0.121476
0.228432 -0.147814 -0.0377266
0.437718 0.0876929 -0.105174
-0.147256 -0.366153 -0.0811707
0.155687 0.30079 -0.0591031
0.444722 0.0981842 -0.109729
-0.286825 -0.310583 -0.0937606
-0.390341 -0.0219067 -0.0795901
0.398939 0.0701879 -0.0857128
-0.203517 -0.386328 -0.100371
0.00362598 0.214395 -0.0232596
-0.276764 0.28828 -0.0833233
0.0320293 0.203914 -0.0215353
0.419785 0.00564959 -0.0923939
-0.281311 0.148004 -0.0518657
-0.415461 0.047801 -0.0916459
0.242592 -0.386206 -0.11006
-0.415864 -0.223885 -0.118562
0.173451 -0.351503 -0.0800214
0.0790867 -0.46568 -0.118588
-0.370923 -0.186343 -0.0902241
0.187208 0.080632 -0.0209945
-0.0172408 -0.419888 -0.092588
0.432091 -0.0716877 -0.101024
0.118573 -0.391423 -0.0874602
0.198724 -0.440556 -0.124546
-0.107623 -0.278051 -0.0454818
0.315955 0.0330111 -0.0518003
-0.191936 0.136339 -0.0281089
0.153294 0.35539 -0.0779376
0.374749 0.132786 -0.082432
0.184867 -0.337539 -0.0770204
0.417647 0.102915 -0.0972379
-0.0351768 -0.233917 -0.0283799
0.311858 -0.335476 -0.111068
0.214203 0.391093 -0.104923
0.153601 -0.116592 -0.0187697
-0.0792175 -0.464164 -0.1178
-0.0949517 -0.466929 -0.120818
0.0331416 -0.360529 -0.067841
-0.33222 -0.318191 -0.11209
0.173154 -0.392887 -0.0968626
-0.147194 -0.32326 -0.0652074
-0.477954 0.0230381 -0.121917
-0.257961 -0.237169 -0.0634068
0.29228 -0.236007 -0.0732459
-0.209077 0.248403 -0.0541762
-0.383576 0.0821539 -0.0801523
0.200474 0.264811 -0.0567688
-0.230427 -0.113815 -0.0335893
-0.40252 0.168965 -0.100318
0.267689 0.214783 -0.0607393
0.329644 0.329459 -0.115245
-0.440223 -0.173032 -0.118942
-0.371717 0.103665 -0.0774601
-0.097594 -0.264131 -0.0404636
0.100061 -0.234667 -0.0330877
-0.207208 -0.176752 -0.0378026
-0.311136 0.295339 -0.0966896
0.348332 -0.326598 -0.121366
-0.172993 0.124139 -0.0229314
-0.33295 0.0330417 -0.0576344
-0.382446 -0.242829 -0.108502
0.335113 0.340534 -0.121515
0.337094 0.284902 -0.102671
-0.429064 0.219351 -0.123764
0.275244 -0.301685 -0.0871871
0.390134 0.193314 -0.0997638
-0.0655285 0.389892 -0.0814739
-0.360064 0.11717 -0.0744596
-0.213451 -0.314828 -0.0751637
0.1192 -0.419348 -0.100034
-0.425127 -0.0151589 -0.0949932
-0.261204 0.311924 -0.0865035
-0.227446 0.192451 -0.0454157
-0.345761 0.302685 -0.111839
0.172842 0.00850993 -0.0150871
0.0715399 0.270264 -0.0398754
-0.176679 -0.355282 -0.0820896
0.0334374 -0.318022 -0.0525064
0.301192 -0.350007 -0.112994
-0.259248 -0.278955 -0.0753517
0.141091 -0.393069 -0.09138
-0.35416 0.234256 -0.09463
0.22488 0.153335 -0.0377539
0.229784 0.31771 -0.0800761
0.231467 -0.400291 -0.113326
-0.314523 0.350076 -0.117661
0.33692 0.172568 -0.0744162
-0.393903 0.0754217 -0.0839474
0.30244 0.222218 -0.0730967
-0.188062 0.307793 -0.0673178
0.0441656 -0.389144 -0.0798824
-0.311277 0.18258 -0.0673847
-0.409887 0.213354 -0.113167
-0.297152 0.208971 -0.0683177
0.278945 0.0244873 -0.0400052
-0.0427145 0.368677 -0.0714245
0.0283189 0.14464 -0.0109209
-0.319228 0.227025 -0.0799167
-0.212133 0.215693 -0.0468598
-0.29263 0.26499 -0.0812247
0.311401 0.129502 -0.0585869
-0.349188 -0.116545 -0.0702231
0.324204 0.319354 -0.109548
0.0804584 0.389827 -0.0826334
0.0870261 -0.452602 -0.112544
0.270583 0.335881 -0.0977977
-0.0672566 0.213003 -0.0252661
0.348952 0.0877046 -0.0669726
-0.118583 0.244978 -0.0377506
0.0640115 0.314976 -0.0530614
0.296516 0.307966 -0.0959893
-0.422099 0.19953 -0.115681
0.359359 0.158343 -0.0803324
0.25705 0.0392946 -0.0344011
-0.16542 0.286607 -0.0563406
-0.206202 0.0642598 -0.0236029
0.392063 0.0596701 -0.0819989
0.00604493 0.392154 -0.0801201
-0.427808 0.0822112 -0.0998771
-0.110274 0.201271 -0.0266915
0.278399 0.179281 -0.0564151
-0.302541 0.0892016 -0.0510468
0.3561 0.100116 -0.0709308
-0.34562 0.189716 -0.0810035
-0.325914 0.110292 -0.061056
0.334348 0.114679 -0.0645534
0.153165 0.130126 -0.0204043
0.295312 0.154431 -0.0571629
0.274622 0.380585 -0.116972
0.420358 0.160741 -0.106993
0.0609422 0.369438 -0.072745
0.111563 0.22428 -0.0318821
0.107482 0.426617 -0.101977
-0.365604 0.22031 -0.0956786
-0.226886 0.30572 -0.0753067
0.349069 0.250305 -0.0969506
-0.0191226 0.348621 -0.0629314
0.193393 0.309457 -0.0689598
0.239539 0.404038 -0.117178
0.28437 0.302413 -0.0902308
-0.244182 0.39954 -0.116403
