36.9 0 0 4.83429e-15 78.95 0 4.83429e-15 4.83429e-15 78.95
0.0798584 0.473956 -0.12308
-0.023204 0.474829 -0.120228
-0.0335289 0.473153 -0.119658
0.139982 0.461506 -0.123976
0.0983402 0.463745 -0.119506
-0.0277409 0.464358 -0.114787
-0.0683996 0.463256 -0.116419
-0.137756 0.459911 -0.122785
0.153863 0.451974 -0.121339
0.135858 0.453187 -0.118998
0.00829957 0.457366 -0.11076
-0.0306453 0.457071 -0.111098
0.0474118 0.456853 -0.111722
0.0275607 0.456973 -0.110947
-0.0090483 0.430511 -0.0974602
-0.0780338 0.428483 -0.099826
-0.0866659 0.427932 -0.100354
-0.045532 0.428411 -0.0975639
0.245179 0.412315 -0.12257
-0.123192 0.418765 -0.1003
-0.162826 0.416044 -0.105352
0.0145485 0.411735 -0.0888124
-0.165846 0.407439 -0.101953
-0.0576302 0.410691 -0.0900487
-0.0474549 0.406104 -0.0874062
0.237904 0.393406 -0.11195
0.204652 0.394918 -0.104368
-0.0600151 0.401682 -0.0861892
0.0427087 0.397759 -0.0835046
0.061703 0.396834 -0.0841858
0.00581321 0.396828 -0.0821253
-0.0562355 0.395176 -0.0831176
0.0468064 0.394337 -0.0822267
0.0278622 0.394358 -0.0814654
0.199374 0.384339 -0.0985938
0.151003 0.386944 -0.090345
0.0381533 0.390965 -0.0803854
-0.104453 0.38807 -0.0843082
-0.259584 0.37801 -0.111335
-0.144619 0.386257 -0.0890165
0.0702635 0.389184 -0.0815234
-0.221837 0.379807 -0.101927
0.285004 0.366405 -0.114269
0.198258 0.375695 -0.0947115
0.194317 0.374275 -0.0932701
0.0978158 0.378776 -0.0796952
-0.0380855 0.379614 -0.0756394
0.130029 0.377175 -0.0830313
-0.186222 0.373625 -0.0913054
-0.30996 0.361101 -0.120494
0.0652119 0.37929 -0.0770231
-0.077522 0.374019 -0.0758247
0.228245 0.363144 -0.096656
0.093929 0.368748 -0.0752285
0.27956 0.356371 -0.108459
0.158381 0.366377 -0.0831121
0.125118 0.367063 -0.0782571
-0.0482577 0.369357 -0.0719664
0.0231239 0.476595 -0.121181
0.0692195 0.369151 -0.073212
-0.275772 0.353477 -0.10613
0.0212124 0.366008 -0.0696299
-0.0568976 0.364955 -0.0707152
-0.159353 0.35945 -0.0805426
-0.115106 0.360097 -0.0742133
0.333411 0.340126 -0.12071
0.046819 0.360776 -0.0685233
-0.0139832 0.359338 -0.0668972
-0.125249 0.354426 -0.073342
-0.241183 0.346333 -0.0934216
-0.325121 0.337279 -0.116519
-0.171222 0.346747 -0.0778016
0.239923 0.339046 -0.0903382
-0.106711 0.348892 -0.0689322
0.117903 0.345953 -0.0691855
0.0127934 0.347305 -0.0623352
-0.130244 0.344967 -0.0704655
-0.291836 0.329777 -0.102181
0.145781 0.339785 -0.0708639
0.267391 0.32964 -0.0945501
0.157115 0.336821 -0.0716323
-0.251955 0.342176 -0.0947737
-0.0614632 0.337143 -0.0605551
0.351574 0.316305 -0.118894
0.293436 0.322841 -0.100184
0.203107 0.32969 -0.0780174
0.0406995 0.336387 -0.059156
-0.34081 0.313206 -0.113574
0.346567 0.305749 -0.113203
-0.105202 0.324562 -0.0600041
0.166569 0.321997 -0.0680274
-0.0356441 0.324979 -0.0549507
0.288012 0.311855 -0.0945741
-0.18422 0.318233 -0.0700588
-0.222396 0.315645 -0.0775531
-0.145094 0.320923 -0.0640748
-0.057622 0.323061 -0.0553776
-0.307494 0.306082 -0.0990221
0.283132 0.302243 -0.0897882
0.160803 0.311483 -0.0634528
0.128347 0.312423 -0.0587673
0.0962411 0.313966 -0.0554563
0.340699 0.295659 -0.107526
-0.186849 0.30932 -0.0675793
0.0650872 0.313009 -0.0524826
-0.310115 0.296369 -0.096676
-0.0111621 0.304766 -0.0476382
0.247533 0.294568 -0.0769849
-0.158009 0.379525 -0.0884112
0.364018 0.281448 -0.11215
0.22384 0.295357 -0.071205
-0.121969 0.300339 -0.053998
-0.238451 0.29185 -0.0737362
-0.128185 0.299034 -0.0544065
-0.323203 0.28256 -0.096839
0.0160261 0.292835 -0.0439714
0.241627 0.283722 -0.0720354
-0.16449 0.28828 -0.056688
0.359424 0.2717 -0.107255
0.205427 0.275249 -0.0608314
0.29589 0.26756 -0.0830155
0.0438235 0.281791 -0.0415257
0.353383 0.261022 -0.101675
0.108731 0.278963 -0.0458735
-0.253988 0.268132 -0.0707016
-0.338447 0.259 -0.0953603
-0.206515 0.339298 -0.08227
0.287149 0.262493 -0.0787819
0.0931909 0.415589 -0.0952342
-0.383071 0.2521 -0.111348
0.103753 0.269276 -0.0425421
0.136296 0.267965 -0.0462609
0.1681 0.266729 -0.0510017
-0.049608 0.269558 -0.0382945
-0.141297 0.267205 -0.0467757
-0.18057 0.264295 -0.0526127
0.240734 0.259097 -0.0646308
-0.126589 0.261837 -0.0432259
-0.303647 0.251552 -0.0810224
-0.0568137 0.359608 -0.0686276
0.27868 0.251254 -0.0730649
0.25472 0.249233 -0.065655
-0.00398546 0.259337 -0.0342214
-0.0748848 0.25852 -0.036901
0.371009 0.236386 -0.101961
-0.269211 0.244548 -0.0684841
-0.0497511 0.254706 -0.034262
-0.229721 0.246668 -0.0585206
-0.0592319 0.250917 -0.0338052
0.157174 0.246714 -0.0437425
0.132106 0.247589 -0.0401835
0.218304 0.241195 -0.0543952
0.0240358 0.248721 -0.0317231
-0.0484205 0.246435 -0.0320511
-0.117684 0.24641 -0.0380059
0.307915 0.232869 -0.077525
-0.157222 0.243099 -0.0428247
-0.196281 0.240444 -0.0493895
-0.319201 0.228116 -0.0801773
0.0520563 0.237492 -0.0300064
-0.364491 0.221306 -0.0954728
0.181 0.231983 -0.0442685
-0.0500958 0.235876 -0.0295088
0.148543 0.233273 -0.0390012
0.0841619 0.235897 -0.0318733
-0.325004 0.221325 -0.0805502
-0.410579 0.214339 -0.113725
0.162616 0.376073 -0.0877912
0.387711 0.21148 -0.102807
-0.330705 0.214028 -0.0808557
0.266445 0.214424 -0.0603036
-0.133809 0.222356 -0.0342604
-0.376258 0.207214 -0.0969538
-0.0230667 0.222545 -0.0253505
-0.420811 0.200651 -0.115321
-0.172893 0.21941 -0.0398087
0.325653 0.208556 -0.0777991
-0.211844 0.216921 -0.0470742
-0.0597304 0.218494 -0.0259914
0.409831 0.197148 -0.109398
-0.296538 0.206531 -0.0675783
-0.0664021 0.213923 -0.0254089
0.230495 0.206276 -0.0490415
-0.261478 0.199819 -0.0557005
-0.432897 0.186778 -0.118119
0.403748 0.186518 -0.104345
0.0637199 0.202266 -0.0227446
-0.039746 0.202237 -0.0214702
-0.345901 0.190506 -0.0812727
0.193138 0.197265 -0.0388631
0.129542 0.198371 -0.0284715
0.013481 0.43049 -0.0975053
-0.149229 0.198588 -0.0313445
0.319329 0.190588 -0.071719
0.209761 0.195478 -0.0419872
-0.188479 0.195825 -0.0376444
0.284292 0.190178 -0.0603135
-0.33254 0.270425 -0.0965135
0.342424 0.183726 -0.0785932
0.115875 0.193809 -0.025828
0.143805 0.190996 -0.0290001
-0.0118245 0.19095 -0.0184714
-0.311665 0.183359 -0.0676673
-0.0395144 0.191442 -0.0192919
0.425593 0.171609 -0.111506
-0.0824602 0.190268 -0.0217371
-0.356607 0.176627 -0.0825938
-0.402612 0.169814 -0.100519
-0.238754 0.178728 -0.0455091
-0.276842 0.176268 -0.0553899
0.279407 0.173641 -0.0556586
0.0165781 0.180434 -0.0165527
-0.322807 0.169353 -0.0688098
0.241944 0.171763 -0.0450336
0.301063 0.165308 -0.0608334
-0.413092 0.155931 -0.102759
0.358573 0.158348 -0.0800265
0.0761043 0.167513 -0.0170719
-0.288098 0.162293 -0.0562518
0.173305 0.163891 -0.0288639
-0.134814 0.165749 -0.0230903
-0.0981424 0.166537 -0.0188612
-0.0663713 0.165436 -0.0160154
-0.21526 0.157753 -0.0362691
-0.42481 0.14249 -0.106001
0.380606 0.144021 -0.0865465
0.000362185 0.155871 -0.0122227
0.258582 0.146219 -0.0451413
0.0250984 0.151579 -0.0118735
0.227244 0.146644 -0.0372664
0.317898 0.140362 -0.0623223
-0.265186 0.141186 -0.0461957
-0.152928 0.139822 -0.0217041
0.402324 0.128949 -0.0936294
0.221449 0.137501 -0.0345706
-0.191926 0.13699 -0.0281985
0.277849 0.132892 -0.0486116
-0.23058 0.134555 -0.0362948
-0.308942 0.131865 -0.0581048
0.128457 0.13636 -0.0177045
0.281993 0.130742 -0.0495335
-0.128748 0.132351 -0.0171942
0.120711 0.131685 -0.0160854
0.395672 0.118483 -0.0892831
0.275322 0.121379 -0.0463414
-0.360666 0.117894 -0.074786
0.423421 0.114062 -0.101276
-0.32327 0.118348 -0.0611229
-0.241724 0.120359 -0.0371483
0.333508 0.115126 -0.0643085
0.0768988 0.120841 -0.0103111
0.0128877 0.121984 -0.00755162
-0.325867 0.110925 -0.0611144
0.238546 0.112871 -0.0354503
0.344945 -0.160021 -0.0751181
-0.399611 -0.217108 -0.109396
-0.0190506 -0.300758 -0.0464898
-0.235272 -0.16535 -0.0422388
-0.314744 -0.123052 -0.0588334
0.275807 -0.125047 -0.0469556
-0.121674 -0.196234 -0.0270213
-0.365372 -0.224237 -0.0965505
0.164835 -0.237061 -0.0425911
0.201441 -0.23781 -0.0498065
0.426745 -0.0316086 -0.0961806
-0.258648 -0.235717 -0.0632295
-0.331424 -0.232364 -0.0855794
0.127374 -0.153932 -0.0201628
-0.279247 0.0689573 -0.04226
-0.080225 -0.330621 -0.0596525
0.255082 -0.244221 -0.064431
0.0476601 -0.251012 -0.0331902
-0.206719 -0.30884 -0.0716224
-0.0808212 -0.373411 -0.0758612
0.186119 -0.251837 -0.0502959
0.293313 0.0480162 -0.0451903
-0.227219 -0.227269 -0.0530468
0.464431 0.0833117 -0.118318
-0.253956 0.155379 -0.0453461
0.0224651 -0.415563 -0.0907129
-0.0918466 -0.0768622 -0.0071977
-0.26953 -0.249104 -0.0697845
0.411476 -0.236943 -0.119918
0.0973965 -0.445926 -0.110245
0.427886 -0.131451 -0.105777
-0.119574 -0.375926 -0.0810973
0.36092 -0.136537 -0.0774523
0.137321 -0.396037 -0.0920917
0.205061 -0.255729 -0.0552498
-0.00482587 -0.261562 -0.0348255
0.129533 -0.447026 -0.114907
-0.260162 -0.406202 -0.124035
-0.0590977 -0.260923 -0.0364509
0.0691547 -0.380812 -0.0779372
0.0130922 -0.259881 -0.034448
-0.270703 -0.335116 -0.0975492
-0.0741103 -0.193211 -0.0216457
-0.349523 -0.249272 -0.0968404
-0.185424 0.354657 -0.083574
0.275977 -0.258197 -0.0741648
-0.240917 -0.260523 -0.065074
0.0243945 -0.245859 -0.0310015
-0.390628 -0.0208629 -0.0796878
0.123533 -0.330029 -0.064147
-0.0850156 -0.207255 -0.0254141
-0.134993 -0.223534 -0.0346971
-0.010073 -0.330182 -0.0561365
0.207664 -0.26609 -0.058686
-0.314773 -0.298733 -0.099069
-0.31457 -0.256978 -0.0862122
-0.434026 -0.210009 -0.123919
0.194521 -0.406695 -0.107385
0.00214639 -0.27353 -0.0381389
-0.0689106 -0.274174 -0.040792
-0.277779 0.0202868 -0.0395693
-0.167679 0.342937 -0.0757284
-0.252622 -0.141276 -0.0428044
-0.0708228 -0.318345 -0.0546743
-0.214221 -0.271696 -0.0617618
0.302756 -0.220931 -0.0728925
-0.0137104 -0.279278 -0.0398875
0.472923 -0.00309719 -0.118902
-0.348631 -0.115064 -0.0698299
0.0727872 0.10922 -0.00865093
0.391246 -0.179807 -0.0974502
-0.085995 0.131584 -0.012432
-0.31683 -0.268926 -0.090441
0.19659 -0.237334 -0.0486719
-0.0197265 -0.342841 -0.0608137
0.313577 -0.249788 -0.0838801
-0.0084372 -0.287031 -0.0421159
0.188464 0.032297 -0.0184511
0.428471 -0.213807 -0.122105
-0.41753 -0.101034 -0.0969714
-0.186109 -0.282922 -0.0590864
-0.337372 -0.192724 -0.0785677
-0.145932 -0.237796 -0.0397101
0.398785 0.0704525 -0.0856656
-0.0115077 -0.290096 -0.0430718
0.359582 -0.269379 -0.106616
0.227929 -0.32302 -0.081465
-0.080143 -0.288622 -0.0459169
0.216446 -0.379147 -0.100334
-0.33331 -0.274225 -0.0979439
-0.382976 -0.108058 -0.0825837
0.323275 -0.27826 -0.095531
-0.118638 -0.290954 -0.0506473
-0.0130591 -0.0731307 -0.00276314
-0.0167611 -0.460328 -0.112409
0.232916 0.0483381 -0.0287053
-0.24982 -0.13737 -0.0415014
0.377838 0.0855933 -0.0780931
-0.157466 -0.29371 -0.0571643
-0.290525 0.0550039 -0.0447147
0.386484 -0.274811 -0.119597
0.428369 -0.0664208 -0.0988405
-0.276986 -0.0289609 -0.0395626
0.286238 -0.28683 -0.0857812
-0.295202 -0.28761 -0.0888818
0.227985 -0.291107 -0.0708717
-0.15788 -0.0985598 -0.0174727
0.339359 -0.212235 -0.0835983
0.148018 -0.0781014 -0.014104
0.232496 -0.292462 -0.0724162
-0.0506625 -0.170654 -0.0159723
-0.468995 -0.111382 -0.123851
-0.158177 -0.336345 -0.0716401
-0.269648 -0.292212 -0.0824478
0.332686 0.0367505 -0.0576789
-0.19697 -0.339105 -0.0801031
0.289109 -0.290933 -0.0879837
0.250629 -0.293374 -0.07744
-0.201692 -0.215396 -0.0445291
-0.108838 -0.302383 -0.0530477
0.418058 -0.094237 -0.096481
0.259641 -0.0347429 -0.03492
0.314062 0.0815542 -0.0541067
-0.353998 -0.169506 -0.080243
0.172701 0.00851364 -0.0150626
-0.00368772 -0.387337 -0.0780691
-0.147992 -0.407597 -0.09891
0.162028 -0.407783 -0.101412
0.0849998 -0.317497 -0.0555579
0.0106494 -0.429232 -0.0968685
0.202316 -0.185557 -0.0384195
-0.0991657 -0.383502 -0.0817993
0.422277 -0.132813 -0.103316
0.0797064 -0.0312183 -0.00367058
-0.0488829 -0.320104 -0.0538796
0.39917 -0.0264765 -0.0835053
0.310883 0.0820316 -0.0530984
-0.41693 0.0970592 -0.0962586
-0.268348 0.0824864 -0.0402161
-0.0548902 0.458479 -0.112992
0.372568 0.0807384 -0.0755139
-0.219534 -0.099031 -0.0294343
0.307482 -0.0777736 -0.0516298
-0.241259 -0.126787 -0.0378569
0.205505 -0.393007 -0.103722
0.357198 -0.305902 -0.117485
-0.044925 0.0364395 -0.00167445
-0.412183 -0.139618 -0.09966
-0.382545 0.0904007 -0.0804961
-0.368632 0.162627 -0.0847606
-0.4404 -0.0796848 -0.105741
0.0357913 -0.2315 -0.0278237
0.123538 -0.223977 -0.033267
0.254499 -0.110262 -0.0392333
-0.0216279 -0.181871 -0.0169154
-0.286049 -0.225563 -0.0687119
-0.0094766 -0.372045 -0.0718335
-0.316251 -0.316531 -0.105688
0.359676 -0.312039 -0.120645
-0.299702 -0.0703681 -0.0485657
-0.293229 -0.0945466 -0.0486443
-0.297962 -0.324611 -0.102311
-0.235843 -0.0745029 -0.031069
0.183361 -0.420584 -0.111469
0.323338 -0.320984 -0.109819
0.405905 -0.0665388 -0.08851
0.263441 -0.399172 -0.121786
0.271237 -0.177342 -0.053966
0.140671 -0.394927 -0.0921211
0.256411 0.031768 -0.0339543
-0.425549 0.0350113 -0.0957421
0.285745 -0.329269 -0.100038
0.179832 -0.0792098 -0.019497
-0.388563 -0.161135 -0.0927766
0.185301 -0.0347342 -0.0179322
0.217179 -0.338012 -0.0842593
0.244944 -0.214823 -0.0545618
0.332334 -0.327026 -0.115349
0.29881 -0.148934 -0.0573807
0.12777 -0.130298 -0.0167924
-0.110143 -0.318819 -0.0586058
-0.0510784 -0.180337 -0.0177223
-0.0105278 0.365798 -0.0693651
-0.172343 -0.348544 -0.0786883
-0.0479021 -0.375349 -0.0743551
-0.153055 -0.350763 -0.0761281
0.10315 -0.354693 -0.0707244
0.27542 -0.34415 -0.10239
-0.439627 -0.171023 -0.118252
-0.315096 -0.341318 -0.11444
-0.00295265 -0.192131 -0.0186351
-0.30982 -0.0701186 -0.0517939
-0.0987125 -0.433544 -0.10429
-0.252075 -0.275214 -0.0722523
-0.0559983 -0.415704 -0.0922256
0.458993 -0.0756153 -0.114784
-0.0713979 -0.360583 -0.0700094
-0.146116 -0.35818 -0.0778519
-0.230269 -0.112948 -0.0334499
-0.263192 -0.349462 -0.100774
0.419888 0.00656932 -0.0924477
0.00105621 -0.400239 -0.08359
-0.113189 -0.196728 -0.0260974
0.274172 -0.385386 -0.118917
-0.093335 -0.362832 -0.0728314
0.240007 -0.281505 -0.0709405
0.2567 0.0393726 -0.0343112
0.135637 -0.398066 -0.0927262
0.206609 -0.150675 -0.0332478
0.0949652 -0.152687 -0.0162987
0.204001 -0.359127 -0.0892799
-0.41526 0.0486995 -0.0916018
0.239692 0.402044 -0.11631
0.0423501 0.400704 -0.0847716
-0.137478 -0.436511 -0.110867
-0.232022 -0.416767 -0.121097
0.3791 -0.0120286 -0.0747223
0.158082 -0.364346 -0.0822517
0.385279 -0.26898 -0.117272
-0.239789 -0.295884 -0.0753629
-0.155632 -0.454356 -0.12288
-0.214665 -0.399147 -0.108596
-0.00643909 -0.372133 -0.0718429
0.19514 -0.365638 -0.0899292
-0.253371 -0.360733 -0.102406
0.27604 -0.301613 -0.0874041
-0.147088 0.376355 -0.0852747
-0.186682 -0.36794 -0.089083
-0.0786815 -0.448998 -0.109938
0.151415 -0.4212 -0.105761
-0.238155 -0.0262136 -0.0291267
0.432613 -0.0707652 -0.101202
0.399965 0.0219372 -0.0837323
-0.140339 0.104913 -0.0154705
0.376468 -0.112922 -0.080478
-0.0784653 -0.451763 -0.111319
0.355998 0.100381 -0.0709204
0.315789 0.0332618 -0.0517536
-0.337222 0.0969939 -0.0635847
0.444501 0.098857 -0.109693
0.175496 -0.22246 -0.0409836
-0.022023 -0.281663 -0.0407394
-0.468384 0.086692 -0.120739
-0.404557 0.0625712 -0.0876303
-0.360847 -0.308142 -0.119751
-0.311342 -0.02138 -0.0499426
0.0652219 -0.444955 -0.106825
-0.12842 0.0701633 -0.0107652
0.11085 -0.220704 -0.0309789
0.227136 -0.365481 -0.0973193
-0.196632 -0.312887 -0.0707865
0.202984 0.00283962 -0.020822
-0.204108 -0.428245 -0.11969
0.204628 0.00734109 -0.0211877
-0.0375622 -0.445814 -0.105663
0.407011 -0.156419 -0.10007
-0.33101 -0.0330516 -0.0569517
-0.122497 -0.376727 -0.0818111
-0.476177 -0.0243598 -0.120988
0.00458065 -0.475112 -0.120086
0.0552389 0.262063 -0.0365316
0.291738 -0.101463 -0.0488986
0.137422 0.0608017 -0.0113552
-0.319678 -0.217651 -0.0778103
0.401773 -0.208658 -0.108349
-0.38271 -0.200593 -0.0981711
0.300461 -0.214526 -0.0706444
0.119539 -0.390172 -0.0870507
0.448675 -0.137852 -0.117001
-0.0700967 -0.237377 -0.0311147
0.0575396 0.0854385 -0.00531942
0.22662 -0.00779162 -0.026048
-0.382474 -0.277602 -0.118722
0.353346 0.0853774 -0.0684114
-0.138544 -0.387326 -0.0885263
-0.014461 -0.20652 -0.0216646
0.22378 -0.200446 -0.0461951
0.0889953 -0.115096 -0.0106402
0.216603 -0.212445 -0.0471359
0.328854 -0.0239166 -0.0559221
0.0202204 -0.376675 -0.0738754
0.056599 -0.113061 -0.00802531
0.337259 0.0183973 -0.058768
0.436885 -0.109033 -0.107115
0.433808 -0.161483 -0.113584
-0.109186 -0.404642 -0.0920665
0.130687 -0.403831 -0.0945491
-0.24264 -0.38858 -0.111106
0.312495 -0.116305 -0.0572276
-0.358429 0.0977745 -0.0715773
0.140582 -0.433855 -0.110052
0.143491 -0.22191 -0.0355486
-0.0671495 -0.476789 -0.123551
-0.122785 -0.381185 -0.083691
-0.173318 -0.225957 -0.0414052
0.293431 -0.0979478 -0.0490508
0.242991 -0.157241 -0.0428006
0.0684652 0.325095 -0.0568002
0.149302 0.348269 -0.0745719
-0.0805337 -0.153697 -0.0151693
0.169971 0.10545 -0.0202091
-0.307465 -0.0701823 -0.0510324
0.0437952 -0.43017 -0.0983152
-0.0571721 -0.435713 -0.101732
-0.303267 -0.108387 -0.0532787
-0.0373836 -0.373527 -0.0731342
0.151907 0.0925013 -0.0159433
0.157179 -0.0153055 -0.0125485
0.172051 -0.364521 -0.0848371
0.279218 0.0248053 -0.0400926
0.270548 -0.0863847 -0.041177
0.332746 -0.191152 -0.0765603
0.297592 0.105737 -0.0511805
0.335714 0.165075 -0.0726131
0.444165 -0.19023 -0.124483
-0.0961032 -0.221239 -0.0295271
0.328093 -0.0926604 -0.0599103
-0.393583 0.076503 -0.0838998
0.187068 0.0807733 -0.0209795
-0.196764 -0.163805 -0.0333293
-0.371113 0.104207 -0.0772781
-0.298363 -0.147204 -0.0569675
-0.246042 -0.179777 -0.0475592
-0.349242 -0.1562 -0.0760784
-0.401078 -0.0329562 -0.0845492
0.0105984 -0.387994 -0.078399
-0.37219 -0.227424 -0.100137
-0.20625 0.0643139 -0.0236166
0.423 -0.12853 -0.103032
-0.0577585 -0.371569 -0.0733932
-0.25315 0.048311 -0.0337799
0.207722 -0.132756 -0.0308625
0.159377 -0.155176 -0.0250542
-0.0609934 -0.379158 -0.0766806
0.203364 0.0557221 -0.0224836
-0.179402 0.102062 -0.0215328
0.181133 -0.170406 -0.0314171
-0.308796 -0.161596 -0.0626998
0.140966 -0.297747 -0.0558203
0.174008 -0.434771 -0.116431
0.270311 -0.019135 -0.0374171
0.328428 -0.183532 -0.0734738
0.358575 0.00343484 -0.0665053
0.22886 -0.14804 -0.0378632
-0.260586 -0.222363 -0.0605058
0.330264 -0.16873 -0.0713149
-0.108993 -0.202723 -0.0268484
-0.130199 -0.420453 -0.102076
0.00813332 -0.178703 -0.0161306
-0.302379 0.0899153 -0.0510625
-0.262519 -0.0817656 -0.0385438
-0.000374915 -0.0213077 -0.000227104
-0.439259 0.0688806 -0.104284
-0.158483 -0.378965 -0.0882605
0.462865 -0.114155 -0.120953
0.153924 -0.116817 -0.018847
-0.07817 -0.426868 -0.0990709
-0.165621 0.0187106 -0.0139881
0.117158 -0.420782 -0.100435
-0.142105 -0.306845 -0.058909
-0.0629666 -0.179828 -0.0183192
-0.0472103 -0.41654 -0.0921094
0.0669336 -0.233492 -0.0299476
0.250283 -0.162879 -0.0456265
-0.197477 -0.0717127 -0.022319
-0.16722 0.0673577 -0.016384
-0.0598302 -0.37471 -0.0747904
-0.176107 -0.398557 -0.0999228
-0.146507 -0.158841 -0.0236265
-0.218521 0.0991439 -0.0292173
0.122102 -0.206377 -0.0291757
0.00704789 -0.0359758 -0.000672191
-0.457837 0.100693 -0.116685
0.391324 -0.0890873 -0.0840694
0.000341764 -0.433791 -0.0989867
0.0786589 -0.219456 -0.0275537
0.104503 -0.379636 -0.0807852
0.0297006 -0.375264 -0.0735578
0.248919 -0.0715562 -0.0341226
-0.0306275 0.108798 -0.00640809
0.176972 -0.231498 -0.0433968
0.365092 -0.0717808 -0.0717999
-0.292254 -0.186219 -0.0619648
-0.218372 -0.190281 -0.0428653
0.249595 0.106762 -0.0375531
-0.428311 0.0829969 -0.100188
0.446964 0.00183618 -0.10545
0.336857 -0.213931 -0.08307
-0.203107 -0.176259 -0.0368382
-0.395138 -0.123178 -0.0896743
-0.10034 0.0587089 -0.00678037
-0.191227 -0.201269 -0.0393111
-0.310786 -0.15278 -0.0618793
-0.267259 0.0337916 -0.0369678
-0.00849633 -0.185705 -0.0174313
-0.206378 -0.175107 -0.0373238
0.308549 -0.168862 -0.0639
-0.322155 -0.0340587 -0.0539258
0.466106 0.0350034 -0.115964
0.0266931 -0.174229 -0.0156567
0.416934 0.103527 -0.0969784
0.116498 -0.0768898 -0.00978986
0.185647 -0.117963 -0.0244899
0.218649 0.0710446 -0.026786
0.466089 -0.0132696 -0.115362
-0.208524 -0.0849627 -0.0256802
0.210328 -0.144521 -0.0331102
0.255158 0.0883022 -0.0371411
-0.477859 0.0241658 -0.121896
0.336111 0.0670812 -0.0605695
-0.256043 0.0475537 -0.0345049
-0.0732688 0.0969343 -0.00740974
-0.217331 0.0513616 -0.0252542
0.0836812 -0.0761742 -0.00642316
-0.239735 -0.0338743 -0.0297529
0.0974702 -0.0358054 -0.00540585
0.204923 -0.034969 -0.0218468
0.232809 0.0941585 -0.0320465
0.315728 -0.0151797 -0.0512717
0.0715004 0.00293981 -0.00256376
